-1.9796
-1.78027
0.0762287
-1.10826
-1.10813
-0.650986
-0.327655
-0.561662
-0.869568
-1.53544
0.349255
-0.817745
0.741042
0.284265
1.02072
-1.23274
-0.557983
1.95668
0.265344
-0.312964
-2.95147
1.05527
-1.43216
0.278486
0.655461
0.355592
-0.2569
-1.9561
2.91007
-1.44869
-0.0488039
1.42554
1.05389
0.900094
-1.78676
0.288176
0.0764021
1.12153
0.88491
1.23811
-0.123943
0.587644
-0.77029
-0.580164
-0.656209
0.84388
0.493558
-0.926141
1.22038
-0.355379
2.01873
0.396724
-1.00976
2.87082
-0.594952
1.95619
-1.25516
-1.56037
-1.02147
0.645876
1.18927
-0.222814
1.03932
0.358755
2.12579
1.67393
-0.701034
-0.328284
-0.0189669
1.13163
-1.05931
-0.918867
-0.245811
-1.53288
-0.136582
0.861612
-0.732954
-0.728415
0.917059
-1.81108
-0.601283
0.118766
-0.374143
0.242871
-1.22138
-0.457704
-1.90054
-0.231461
0.425347
0.423371
0.450357
1.97321
-1.57456
-0.0934207
0.308621
-1.48354
0.180755
0.766456
-1.23043
-0.309868
0.0493352
-0.175454
1.48693
2.5993
-0.29121
1.37233
-0.550857
0.0202197
2.07128
1.02891
0.926508
0.106993
-0.834218
-1.91981
-0.629301
0.93377
1.22074
-1.60478
-0.355406
0.0706102
-0.727687
0.661789
-0.821372
0.940885
0.64586
0.581472
0.925708
-0.894487
0.963798
0.366295
0.0705995
1.40051
1.20519
-2.21788
-1.58512
0.751415
-1.76183
-0.236793
0.897963
0.536081
-0.913255
0.964114
0.51436
-0.0256675
0.273812
-0.674682
-0.708977
-0.546845
-0.348706
-0.121254
0.910686
-0.438329
-0.587616
-1.47055
0.322864
0.741372
1.41096
0.844882
-0.685575
1.53751
0.278422
-0.688042
1.78871
0.0819739
-0.261009
1.6795
-0.741984
-0.714339
0.257285
2.18531
-0.550627
-0.703881
0.465617
1.66885
0.240388
-0.750372
-0.749379
-0.0670755
0.116528
0.70321
1.87125
-0.0714583
-0.647282
0.534422
0.0618757
1.35944
-0.150648
1.61656
1.45321
-1.06789
-0.949378
-0.375593
-1.57634
-0.556821
0.0165908
-0.583708
-0.943425
-0.456023
0.299144
-0.669822
0.0262056
1.04634
-0.263156
-0.692369
-0.529038
-0.596162
-0.897389
0.180467
0.184121
-0.40051
0.307509
-2.22937
0.824002
1.41379
-1.53635
0.397069
0.373948
0.745243
-0.229099
1.65546
0.762556
-0.810629
0.792975
-0.251526
-0.118029
-0.604556
-0.265831
-0.381332
0.259183
-0.77126
1.27671
-0.61832
0.811376
0.331484
2.0408
-0.183293
0.923005
-1.49568
-1.32357
-0.351673
0.0604812
0.542001
1.41209
-0.0329486
0.0711756
-0.626298
0.436313
-0.339232
-0.92571
-0.259318
1.47313
0.330361
0.84053
0.908997
-1.07726
1.94062
-0.752461
-0.382851
-0.0680188
0.204122
1.90046
1.60048
2.05083
-0.302125
-2.00448
0.203208
0.293844
-0.715517
0.0932308
-0.671075
-0.391514
0.0380473
1.99712
-0.329549
1.01339
0.683047
-0.658482
-0.730925
-0.754477
0.442271
-0.124267
-0.760969
1.13059
-0.516191
-1.47115
-0.645318
0.837017
-0.41062
-1.54796
0.364456
-0.761459
-1.35368
0.227069
0.886009
2.57562
0.0125947
0.307899
0.421062
-1.97216
1.31998
1.23297
0.081525
0.942104
0.653513
1.46704
-1.03615
-1.49599
0.761172
0.205083
1.56296
0.224635
-0.297609
0.647965
0.680526
2.93062
0.749045
-1.82163
-1.30696
-0.616815
-1.25538
0.265112
-0.391235
0.536866
-0.249742
1.04639
-0.98519
-0.144907
1.12575
-0.480071
-0.167089
-1.83168
-0.854691
-0.407989
0.291396
0.0171073
-0.125871
0.448791
1.24134
-0.360871
-0.0521216
-0.377777
-0.70328
-0.618624
0.0195248
-0.631957
0.938911
0.539919
0.215601
-0.121353
-0.92991
-0.360311
1.9615
0.396692
-0.801267
0.500485
-0.338445
-0.0354165
0.2627
-0.11219
1.06718
1.37503
-0.752647
-0.982457
-0.180224
1.7529
-0.532646
1.13851
-1.17051
0.327476
-1.52324
-1.48888
0.390518
0.182877
-1.34395
-0.764002
0.822621
0.970994
0.905221
-0.416579
-0.476691
0.649571
-0.585999
0.186029
2.25175
0.211201
0.808435
-2.22216
-0.937471
-0.741428
2.31908
-1.0856
0.862062
-0.840401
0.286517
-0.0681913
0.208558
-0.729023
-0.637618
0.65902
1.90129
1.73268
1.29437
-0.378742
0.969722
1.16399
0.304645
0.772865
0.233482
-0.981306
-1.53031
0.335146
-0.0524841
-0.0345498
-0.33987
-1.19124
-1.61112
-2.5253
-0.189017
0.11714
-1.86256
-0.638012
0.441288
0.31551
-2.7343
-0.339684
0.326532
-0.175869
0.498709
1.43063
-1.03452
-1.58049
-0.0316799
-0.270934
-1.24479
0.47536
0.708984
0.737662
0.455364
1.35864
0.356552
0.0223934
-0.444638
-1.24147
0.965063
0.0311693
0.0513682
0.428122
1.20927
0.935746
0.513935
-0.565585
0.0472448
-0.463368
0.523749
2.57978
-0.265644
-2.07537
0.564568
-2.14361
0.533863
-0.197649
1.04492
-1.68681
0.835912
-0.796597
-0.412601
-0.0833154
0.432845
0.915075
-0.510864
0.286012
2.09307
0.30815
-1.29354
0.681493
-0.5736
-0.862375
-0.300621
-0.323608
0.111026
0.554955
0.303201
-0.356314
-1.0618
0.0410464
0.50321
-0.110815
-0.721634
-0.746212
-0.128349
-1.39649
-0.20643
-0.00809643
-2.0392
1.23885
0.0164455
-1.06894
0.675335
1.17302
-0.2654
-0.0988205
-1.19866
0.642676
0.203598
-2.0101
-0.924368
0.725427
0.247253
0.327001
-0.0124892
-0.81229
-0.653349
-1.18159
0.688152
0.818391
0.169377
-1.22353
1.28266
0.240177
-0.422782
-0.361109
-0.171449
3.54836
0.130987
0.55562
-1.60444
-0.631344
-1.07783
1.06962
1.13562
-1.25453
0.335483
0.818141
0.511205
-0.094125
0.812088
0.460428
-0.51473
-0.625517
-0.405422
1.34984
0.742744
1.12639
0.93913
0.268962
-0.281228
1.24737
-0.407812
2.65048
1.55843
1.17678
-1.32606
-0.120738
-0.298402
-0.462769
0.404153
0.144671
-0.13057
1.1723
0.269036
-2.94703
2.25724
-0.441344
-0.812574
0.32366
-1.16055
-2.21981
0.658133
0.593039
0.497813
-2.55326
0.618358
0.235299
0.674951
0.951491
-0.955627
-0.240795
-0.953805
0.273842
0.615051
0.555698
0.245198
-0.327485
-1.38777
-0.51065
0.636154
0.569892
1.10855
-0.0442393
0.996668
-0.415004
-0.496852
1.11271
-0.637152
0.289845
0.411506
-0.208039
-2.87957
-0.93976
-0.233893
-1.51814
-0.502946
0.373413
1.06743
0.112191
-0.134332
-0.950898
1.03617
0.0397058
-0.176616
-0.980851
1.3555
1.29751
-0.756792
-1.72748
-0.0416631
-1.07885
0.550345
0.792028
-0.543359
-0.294071
0.0630818
0.43532
0.0245202
0.527352
-1.51837
1.39536
1.35236
-0.923121
-0.501342
2.29477
1.86521
-1.07849
-0.329141
-0.713212
0.664599
-0.661109
0.0286023
-0.596501
0.410301
-0.833619
-0.413423
-0.308998
-2.24533
0.394254
-0.021699
0.764647
-2.27902
1.52975
-0.170993
1.09298
0.229303
-1.87281
0.445119
1.03595
-1.55476
-0.147289
1.15858
1.50209
0.40489
-1.05147
1.07535
0.444309
-0.383491
0.59686
-1.25577
0.863913
-1.35399
0.289094
0.403887
-0.218756
-1.24112
-1.62894
0.363313
-0.342178
1.37196
-0.121777
-0.0413289
1.14279
-2.27133
0.466911
-0.523302
0.373192
1.5329
-0.421103
0.139038
2.17855
0.463075
1.40499
0.640653
-0.97229
-0.341251
0.602936
0.386925
0.0441975
1.41352
0.267472
0.856474
1.33951
-0.907246
-0.951118
0.283096
1.41507
0.595222
0.873352
0.334946
1.13376
1.07762
1.40593
-0.634993
-2.00772
0.11138
-1.34845
2.20298
-0.251201
-1.02247
0.779113
0.310792
1.05646
-0.936871
0.844467
-0.354919
1.80708
0.325604
-0.219076
-0.478721
0.0573809
0.024871
-1.15097
1.29945
0.819866
-2.24813
0.497954
-1.85633
0.026059
-0.5873
0.677922
0.631704
-0.117234
1.66353
-0.304262
0.203075
0.00397289
-1.92139
0.550976
0.638038
0.867755
0.12796
0.57331
-1.65253
-1.33028
1.22222
-0.00207254
-1.60976
-2.09192
-0.246619
0.443334
1.53304
-0.465761
-1.01552
0.960721
0.0993817
0.0214876
-0.14622
-0.711293
-1.59739
0.496574
-0.951789
-0.680063
0.652815
1.00141
2.756
0.940685
-0.479921
0.674075
0.367775
-1.50808
-0.822474
-0.402454
-0.727876
-0.630791
-1.23626
-1.03922
-0.331787
0.179228
-0.715703
-0.0591849
1.25461
-1.14359
-0.644213
-0.682961
0.521976
-0.847328
0.470693
1.74233
-0.161375
-0.429555
-1.95956
-1.74236
-0.546038
-0.547769
0.212022
-1.11769
-0.00963707
0.939649
0.657286
-0.829233
-0.237133
0.0930015
0.643748
1.31104
-0.792304
0.503367
-0.70376
-0.964137
0.611626
0.352186
1.11015
1.75592
0.491056
-1.31528
-0.727761
-0.292442
0.762499
-0.522274
0.449272
0.476591
-0.254855
-0.140384
1.55548
-0.889848
-0.890509
2.24622
0.987511
-0.235589
-0.110025
-0.134039
0.15692
-0.193758
-1.4656
0.220307
-3.28386
-0.293447
-0.393353
0.557102
-0.302541
-1.90823
-0.991319
1.02264
-0.608081
-0.91998
-1.49472
-0.452352
-0.389463
0.657527
0.85665
0.253636
-0.674466
-0.0756377
1.04278
-1.10814
-0.515198
-0.341754
0.559612
0.255591
1.49595
0.661582
-0.827381
-0.753153
-1.22413
0.709494
0.0542262
0.252213
0.939584
-0.046306
0.390282
0.440622
0.488825
1.86174
0.394428
-0.288699
0.348823
0.688064
-0.265943
1.18687
1.39197
-0.814153
-0.821128
0.842046
0.586035
0.872336
1.77652
1.12723
-0.218325
1.33198
0.446632
-1.60369
-0.789109
-2.38633
0.542761
0.301959
1.34839
0.453589
-0.331206
-1.19626
-0.770335
-1.56377
0.179259
-1.65589
-0.809115
0.291018
-0.679832
-0.0739838
0.532877
-1.07379
-1.8134
-1.46086
1.126
1.55494
-2.94869
-1.27802
0.342345
-0.588737
0.579704
-0.867163
-0.986431
0.0446878
-1.32999
-0.11631
-0.836309
-0.0849512
-1.51153
1.73511
-0.389665
-0.181206
0.804745
1.12208
0.761902
0.302641
0.636702
-0.65806
-1.15467
1.76123
-1.37593
0.947552
0.722942
1.09529
0.0885496
2.1102
0.127782
-0.766834
-0.931864
-0.0890929
0.935129
-0.147251
-0.147982
0.458804
0.54428
-0.309244
-1.60734
-0.46828
-0.295508
0.829129
-0.675919
-0.243537
-1.34735
-0.346986
0.0651725
-2.2242
-0.773862
-1.16869
-0.328564
0.43521
-1.5013
0.3051
-0.2006
1.57437
0.92744
-0.350541
1.04053
0.0175498
1.22012
0.630554
1.51691
2.11424
0.705604
-0.707142
-0.29255
0.388367
-0.802148
-2.50561
0.247647
-0.575303
-0.507546
0.907696
1.24967
1.66315
-0.450181
-0.133656
-2.09498
