4.17022
9.97185
7.20324
9.32557
0.00114381
1.28124
3.02333
9.99041
1.46756
2.36089
0.923386
3.96581
1.8626
3.87911
3.45561
6.69746
3.96767
9.35539
5.38817
8.46311
4.19195
3.13274
6.8522
5.24548
2.04452
4.43453
8.78117
2.29577
0.273876
5.34414
6.70468
9.13962
4.17305
4.57205
5.5869
4.30699
1.40387
9.39128
1.98101
7.78389
8.00745
7.15971
9.68262
8.02758
3.13424
0.928008
6.92323
5.18153
8.76389
8.6502
8.94607
8.29147
0.850442
8.29603
0.390548
2.7305
1.6983
0.592432
8.78143
6.70528
0.983468
5.93066
4.21108
6.71654
9.5789
4.11788
5.33165
1.97551
6.91877
2.8963
3.15516
1.4212
6.86501
7.83314
8.34626
4.12539
0.182883
0.341713
7.50144
6.2403
9.88861
6.60636
7.48166
2.98495
2.80444
4.46135
7.89279
2.22125
1.03226
0.733642
4.47894
4.69239
9.08596
0.961723
2.93614
9.0337
2.87775
1.1949
1.30029
5.24799
0.19367
0.83623
6.78836
9.16861
2.11628
9.10448
2.65547
2.9893
4.91573
5.84389
0.533625
5.65912
5.74118
6.13938
1.46729
9.56536
5.89306
2.60979
6.99758
2.31015
1.02334
5.33448
4.14056
9.49938
6.944
4.9306
4.14179
5.40601
0.499535
7.65485
5.35896
0.453457
6.63795
1.39966
5.14889
7.92404
9.44595
0.298014
5.86555
8.83125
9.03402
5.40788
1.37475
4.4798
1.39276
8.92136
8.07391
3.77584
3.97677
5.38425
1.65354
6.52299
9.27509
3.61261
3.47766
5.71009
7.50812
6.37836
7.25998
1.26315
8.83306
6.90205
6.23672
6.47749
7.50942
3.53939
3.48898
7.63233
2.69928
3.56532
8.95886
7.52788
4.28091
8.81342
9.6484
0.116692
6.63441
4.98109
6.21696
0.73792
1.14746
7.86951
9.49489
0.640673
4.49912
3.5531
5.7839
9.41837
4.08137
3.79803
2.37027
7.6292
9.0338
7.71595
5.73679
3.01361
0.0287032
7.72739
6.17145
1.5293
3.26645
5.78634
5.27058
0.09008
8.85942
7.09043
3.5727
4.70641
9.08535
7.64593
6.2336
4.67393
0.158212
2.69001
9.29437
8.31693
6.90897
5.51325
9.97323
0.700815
1.72341
4.72475
1.37136
7.42765
9.32595
1.91956
6.96818
4.64312
0.660002
2.30363
7.55463
5.08248
7.53876
2.08568
9.23025
0.493042
7.11525
5.18862
1.24271
1.72278
0.198801
3.96313
0.26211
1.07365
0.283065
5.0981
2.46211
1.02135
8.60028
2.88718
5.38831
2.31758
5.52822
9.67668
8.42031
2.78319
1.24173
2.33623
2.79184
0.915564
5.85759
5.70067
9.69596
4.17927
5.6103
3.67843
0.186473
8.12995
8.00633
2.8976
2.32974
7.17392
8.07105
6.12948
3.87861
4.2691
8.63542
7.51873
7.47122
4.27813
5.5624
4.28382
1.36455
3.61904
0.599177
1.53338
1.21343
9.3719
0.445519
9.1641
1.07494
7.81958
2.25709
6.16329
7.12989
0.359994
5.59717
6.54324
0.12556
1.2977
0.719743
2.94359
9.67276
3.60815
5.681
2.74645
2.03293
0.73969
2.52326
1.52137
7.43826
1.61619
1.95429
9.38712
5.81359
3.71134
9.7002
0.500181
8.46829
7.40956
2.39848
2.9868
4.9377
2.04358
6.19956
9.81757
8.28981
8.93021
1.56791
7.59349
0.185762
6.51121
0.700221
0.396835
4.86345
8.13876
6.06329
7.62573
5.68851
4.55282
3.17362
5.31826
9.88616
1.09336
5.79745
1.46033
3.80141
5.08789
5.50948
2.1565
7.45334
9.16444
6.69233
4.62153
2.6492
1.32267
0.663348
7.64242
3.70084
2.12734
6.29718
0.742584
2.10174
0.954192
7.52756
1.62206
0.665365
3.56464
2.60315
0.953078
8.04755
1.43263
1.93434
9.31013
6.39461
5.76584
5.2467
8.39645
9.24808
6.23292
2.63297
3.24518
0.659611
7.28012
7.35066
5.22737
7.72178
7.36811
9.07816
1.65406
9.31972
6.87058
0.139516
4.26811
2.34362
7.28557
6.16778
7.56335
9.49016
3.97611
9.50176
9.252
5.56653
2.0351
9.15606
0.0800271
6.41566
9.26351
3.90008
2.94512
4.85991
1.66952
6.0431
0.241016
5.49548
4.52002
9.26181
8.08339
9.18733
3.68377
3.94876
6.09207
9.63263
0.348477
1.73956
3.54577
1.2633
0.7852
1.35079
6.93185
5.05662
0.127127
0.215248
4.59545
9.4797
9.61317
8.27115
3.34185
0.15019
4.72083
1.76196
1.05391
3.32064
5.03076
1.30997
8.8569
8.09491
5.34377
3.44737
2.81477
9.40107
3.54585
5.82014
8.9628
8.78832
2.41489
8.44734
0.238841
9.05392
9.65727
4.5988
4.29968
5.46347
3.46289
7.98604
5.77068
2.85719
1.26526
4.90254
9.50043
5.9911
3.13611
0.155333
9.52831
5.93481
2.18393
4.33676
2.487
8.07361
8.63802
3.15245
2.35268
8.92889
8.151
5.77857
5.43897
1.8401
1.9126
7.87929
5.8884
6.12031
0.481368
0.539093
0.15873
4.20194
0.49711
6.79069
3.99415
9.18602
5.76904
0.00402023
8.67517
9.76759
7.86162
3.7658
2.54703
9.73784
0.822549
6.04716
1.57756
8.28846
2.09493
5.74712
4.17383
6.28076
3.4769
2.85576
6.99884
5.86833
6.97509
7.50022
0.747239
8.58314
0.364697
7.55082
7.894
6.98057
9.00529
8.64479
0.0466331
3.22681
2.64203
6.70789
4.67377
4.50874
3.59816
3.82103
2.40218
4.10811
0.231687
4.0148
5.31668
3.17384
1.30195
6.21919
5.61459
4.30247
1.67831
9.73802
4.21075
6.77801
6.84688
1.9857
2.739
4.26701
0.0999973
3.43346
2.19866
7.97639
0.319562
8.79998
9.34872
9.03842
7.82092
6.6272
5.17594
2.70208
0.164628
2.52367
2.988
8.54898
5.4072
5.27715
8.59884
8.02161
1.85114
5.72489
0.835463
7.33143
0.442723
5.19012
4.43808
7.70884
0.193188
5.68858
0.670321
4.6571
8.11772
3.42689
6.36291
0.682093
7.7285
3.77924
7.05682
0.796261
2.38211
9.82817
0.444179
1.81613
2.81217
8.11859
8.6509
8.74962
0.731233
6.88413
6.60332
5.69494
1.87379
1.60971
5.22287
4.6688
9.03879
3.45172
4.75153
2.2504
8.47022
5.92512
8.38779
3.1227
1.3928
9.16306
5.40305
9.09636
4.67085
2.57118
2.18683
1.10891
4.40828
1.92963
4.80278
4.99584
3.33284
7.28586
0.0891268
2.08194
5.05464
2.48034
6.73147
8.51672
0.554593
4.15849
1.5758
6.16685
6.05103
2.33666
3.19224
1.01967
8.90517
5.15857
7.90374
4.77141
2.17499
1.52672
2.00209
6.21806
6.8044
5.4401
1.56217
6.54137
5.10361
1.44546
9.88065
7.51528
1.44692
2.22049
0.483
5.19352
8.99064
7.85296
7.1533
0.223304
3.10328
3.24362
3.9294
8.72922
0.807837
8.4471
3.52121
5.38441
0.0101328
8.66608
6.2463
9.49806
2.00271
8.26407
6.25112
8.54115
3.21452
0.987434
0.473182
6.51304
7.23365
7.03517
7.59252
6.10241
4.06304
7.99615
7.04335
0.345712
5.85359
7.70239
9.69565
7.31729
3.03878
2.59698
3.13755
2.57069
2.26462
6.32303
6.72335
3.45297
7.78922
7.96589
5.12662
4.46146
6.15265
7.82749
0.456612
9.90472
4.461
3.00248
9.68013
1.43006
3.5956
9.01308
5.54032
5.41559
4.11354
9.7474
9.66047
6.36604
2.03058
9.93913
9.92827
5.46071
6.592
5.26426
8.09077
1.35428
4.58151
3.55705
8.87308
0.262186
5.33934
1.60395
5.77279
7.45637
9.17498
0.303997
3.14147
3.66543
7.26138
8.62346
8.05236
6.92678
4.80063
6.90942
4.87574
1.88637
8.4141
4.41904
5.55528
5.81577
2.69881
9.89752
4.86743
2.03906
2.75846
2.47733
2.2539
2.62173
6.46754
7.50172
9.21134
4.56975
2.00475
0.569294
8.79853
5.08516
4.65808
2.1196
7.2498
7.98604
3.02871
2.97331
4.89007
0.27606
2.03674
5.93432
0.886163
8.4384
1.6569
3.81016
5.02997
7.49858
7.87581
5.11141
9.03602
5.40952
2.19524
9.59434
7.38131
8.03961
2.57803
0.323231
5.64209
7.09387
1.3243
4.65001
3.72088
9.47549
0.828555
2.21433
5.05726
2.67072
6.94407
0.81474
4.56978
4.28619
3.61275
1.09019
8.16008
6.33787
0.458115
8.02963
3.87828
6.968
4.58523
7.66211
7.35732
3.42454
9.09637
8.45851
2.77405
4.28769
8.17768
8.2401
6.56316
6.26496
0.112803
1.43423
7.35354
0.783869
6.03495
0.183326
6.80019
0.66725
5.8396
4.58584
5.73521
1.13342
3.61017
0.277833
9.587
7.54861
9.86943
3.9485
3.87135
7.46938
8.3618
4.52405
9.82142
4.50087
5.85353
4.78073
6.70932
4.74004
0.862565
8.03163
9.91451
4.02393
7.795
9.04686
9.94365
0.37061
6.5369
7.73874
0.374279
1.25641
7.19089
6.18514
6.88116
0.103643
6.08813
5.38627
1.06211
0.0301796
2.80685
9.51194
7.76215
9.05402
8.90166
7.95967
5.10599
9.15274
7.15708
1.45558
0.777789
1.5773
6.15304
1.87632
8.37804
6.22496
6.96005
9.05809
5.55059
9.89955
8.6119
7.11122
7.45322
7.318
2.64549
9.09293
9.99769
4.00874
5.73732
2.49851
6.39059
1.7343
4.897
1.19457
8.89375
8.12611
8.7451
1.46792
8.4779
2.64297
6.47724
8.19089
5.85579
3.10587
2.81583
9.82417
9.91654
2.66639
7.99661
5.33653
5.01636
3.14467
7.72315
9.10773
1.2428
3.66557
9.21018
4.33592
0.448366
5.12293
2.28605
9.38886
8.42486
0.30949
3.05572
7.16879
4.84322
8.91019
6.50054
0.272872
1.43943
5.22051
3.05798
3.2599
8.8692
8.59489
8.86842
5.58517
5.15217
6.90228
2.67088
4.52853
8.80343
6.28309
4.97983
2.90097
3.33439
0.0934858
8.94697
5.76756
2.04483
3.11444
8.19605
5.17268
8.38838
9.16406
5.22796
4.26475
1.61938
2.47396
9.48977
3.71294
0.594491
9.31861
8.86499
9.36868
5.74344
8.4433
3.78847
9.20207
6.40905
2.279
1.27807
