17	33	16	19	7	43	12	37	15	18	8	26	9	73	6	21	3	30	34	11	13	27	74	4	14	28	29	
25	7	13	17	6	57	15	12	35	19	65	3	4	5	10	9	67	60	8	33	36	66	11	45	34	70	71	
42	10	4	31	9	40	66	19	3	43	26	17	27	8	7	6	63	23	5	32	74	18	14	70	22	15	72	
11	18	10	7	14	17	9	146	5	12	24	6	13	38	33	16	43	32	30	8	48	3	39	42	27	4	54	
41	44	40	19	91	11	21	17	30	42	12	18	13	34	33	23	10	5	153	3	22	53	14	6	4	7	55	
49	27	4	19	17	26	47	3	56	28	18	57	21	10	9	15	35	8	5	23	54	92	11	41	6	42	7	
34	33	4	9	37	7	11	90	3	13	8	40	36	48	26	6	79	25	5	10	30	14	27	54	21	15	22	
7	6	12	25	42	5	11	47	23	111	30	24	41	66	65	137	4	19	10	26	34	3	50	20	17	21	18	
41	40	5	21	19	11	4	55	45	47	20	8	25	17	16	30	10	15	3	12	35	9	63	54	13	51	14	
52	21	18	12	76	28	35	5	10	19	13	11	14	15	3	30	24	27	53	29	6	23	4	25	7	26	8	
32	6	20	12	95	5	15	19	23	11	200	16	17	93	28	8	68	4	7	73	39	25	18	46	22	3	90	
3	26	46	41	10	25	39	17	55	43	86	40	64	128	9	12	8	6	4	11	18	44	21	7	5	14	164	
18	54	17	23	3	21	56	16	11	77	22	12	13	14	31	5	33	37	19	4	42	48	15	6	36	7	8	
11	10	26	31	9	20	55	29	25	27	21	30	59	5	4	13	3	41	12	48	56	22	6	82	89	23	24	
16	15	81	42	24	4	21	80	8	29	25	22	23	45	34	18	3	13	17	5	9	30	49	62	6	31	7	
5	15	4	61	14	30	7	3	93	12	60	19	13	75	35	27	29	41	6	31	26	17	36	28	92	40	56	
48	24	16	12	3	28	18	10	15	78	29	11	43	33	6	5	8	27	17	4	88	30	7	9	14	38	71	
67	4	28	3	102	24	38	8	21	14	11	9	101	107	34	6	16	33	5	25	22	15	35	7	26	20	31	
15	14	33	9	13	69	36	32	7	16	27	8	17	25	12	11	111	23	21	10	64	31	87	3	22	4	5	
92	10	17	80	66	9	24	16	42	18	79	156	73	14	13	12	20	3	11	31	25	19	15	4	32	5	6	
18	47	17	23	73	11	16	14	4	22	12	5	6	7	29	28	42	10	27	24	15	13	8	34	3	9	32	
92	9	58	3	8	27	55	21	64	59	4	22	7	18	17	11	31	16	10	25	40	107	20	12	78	13	14	
25	31	21	30	28	13	20	56	8	26	14	9	27	40	39	38	136	5	22	19	3	10	64	6	4	7	52	
46	21	29	4	20	69	28	11	44	30	5	3	19	32	9	8	68	24	22	7	27	13	10	25	23	41	42	
13	12	4	6	47	11	36	3	32	5	7	33	23	24	46	28	16	10	43	35	27	8	25	17	44	9	31	
3	30	14	16	60	105	10	13	8	4	75	11	5	65	59	53	34	58	46	17	9	12	6	35	40	7	37	
126	45	14	16	25	28	6	4	11	15	29	65	60	24	23	27	48	22	96	17	5	3	62	88	10	33	52	
59	3	24	70	32	19	5	23	14	29	102	8	9	31	54	16	11	35	4	20	6	97	10	12	34	13	43	
59	12	9	11	57	53	39	5	8	10	43	25	26	3	19	14	16	30	13	38	6	34	4	15	7	21	22	
30	9	6	8	102	44	11	5	20	7	3	12	13	14	76	91	43	33	10	88	21	4	15	34	19	38	68	
14	4	19	40	97	3	16	26	34	42	31	24	117	121	51	60	29	11	5	59	17	25	52	64	6	33	7	
17	16	30	4	35	8	19	114	29	3	5	20	110	122	34	10	7	76	18	9	68	6	65	11	28	66	72	
25	24	5	23	16	21	4	9	13	35	22	14	15	119	63	7	56	28	6	17	3	55	64	8	12	51	52	
28	27	36	43	11	8	38	4	21	31	9	5	10	15	14	13	7	62	37	12	19	6	3	60	20	34	125	
35	22	4	12	15	21	6	10	3	29	13	11	14	43	50	8	78	20	5	31	7	38	18	9	69	19	109	
77	94	41	4	16	24	6	30	134	3	17	83	61	15	14	28	11	9	42	5	7	18	21	10	8	22	36	
42	41	38	40	3	30	48	37	118	39	25	53	54	55	13	45	15	7	44	4	49	26	14	8	5	9	6	
18	3	17	44	60	10	67	6	16	4	45	32	24	25	13	12	38	9	84	11	7	5	14	30	8	15	28	
29	17	14	16	32	9	51	13	27	15	33	41	19	35	23	11	173	8	50	3	103	63	20	12	4	21	5	
92	7	39	19	6	3	12	10	17	8	4	13	5	24	34	46	64	33	45	20	11	9	15	47	101	16	37	
6	5	17	31	9	4	16	43	94	7	26	48	8	60	24	12	3	23	11	32	34	72	42	79	22	133	92	
105	73	52	72	19	148	54	43	6	61	81	44	45	46	18	21	17	15	53	20	7	56	23	16	8	24	3	
40	21	5	11	20	15	4	47	31	22	12	10	19	83	45	44	14	25	3	16	8	13	46	26	37	24	28	
42	53	9	71	18	29	8	59	6	54	30	34	3	13	12	11	49	16	10	19	7	31	4	50	24	5	25	
44	102	17	54	9	5	42	16	23	25	65	33	26	27	8	4	91	14	18	6	3	34	58	12	19	13	36	
79	47	19	21	5	31	105	53	8	20	32	51	3	4	25	14	44	24	40	6	9	52	36	15	7	16	11	
31	30	101	37	29	4	138	59	8	45	5	9	10	11	16	3	15	21	32	23	60	6	14	19	33	7	89	
39	19	9	24	18	22	8	12	6	10	23	13	14	15	66	21	54	63	20	28	7	11	3	30	73	4	5	
27	37	20	88	12	9	19	17	33	21	10	34	11	48	15	14	4	8	28	13	18	3	16	5	106	6	7	
23	22	17	38	9	12	97	16	51	28	37	43	44	45	8	11	7	5	18	10	3	29	58	6	4	30	31	
3	6	9	5	57	41	8	27	13	4	77	35	56	25	24	29	136	23	7	17	28	11	26	65	38	12	33	
124	32	15	119	31	12	4	27	8	29	53	9	30	37	78	17	11	25	16	13	3	10	38	18	6	19	7	
6	5	13	31	74	4	8	12	53	38	40	9	10	27	66	3	59	71	7	32	54	23	11	64	93	51	52	
125	26	11	22	6	90	13	63	10	27	7	3	4	5	31	30	16	56	12	29	35	8	44	17	65	9	19	
33	5	9	4	20	51	58	56	8	16	18	3	19	45	38	22	27	25	6	21	57	60	39	23	7	24	12	
80	19	8	21	33	18	58	13	7	20	29	14	41	53	11	4	31	17	3	57	44	15	12	5	36	6	37	
4	10	3	7	17	14	77	32	27	6	8	62	16	154	101	118	13	30	104	25	28	12	20	22	26	53	54	
18	17	26	16	65	14	20	11	44	3	15	83	4	5	9	13	8	34	19	24	12	32	7	35	42	33	43	
3	28	111	5	27	10	12	20	45	4	6	33	40	26	25	9	24	48	29	8	13	34	51	19	44	102	63	
19	29	18	28	22	47	42	4	17	20	36	27	21	75	7	6	58	85	45	23	5	31	8	3	50	9	10	
24	23	13	22	20	6	8	37	12	35	21	128	53	19	18	15	17	5	14	3	9	36	43	16	4	66	11	
4	49	3	24	30	18	26	42	22	28	19	23	29	10	9	8	81	13	7	25	33	20	11	65	34	12	117	
18	133	17	49	47	10	12	36	5	21	48	13	22	23	44	7	9	34	134	11	6	14	3	8	28	4	29	
14	13	9	165	3	71	8	6	24	10	4	32	11	74	94	37	39	18	15	47	7	5	95	19	16	29	17	
17	16	20	11	9	36	19	39	5	22	10	6	7	8	14	13	74	55	18	12	48	38	3	43	28	4	29	
68	3	23	5	34	56	45	17	10	4	6	11	7	15	20	19	55	26	24	35	18	72	8	27	25	9	51	
17	32	16	7	22	31	9	5	15	3	12	6	20	21	46	30	45	101	33	8	51	4	82	44	38	14	84	
158	6	27	19	33	5	8	36	26	18	34	49	41	42	32	22	84	4	7	30	9	35	43	23	3	24	25	
15	19	9	68	3	18	47	8	13	10	23	32	21	85	6	5	37	29	16	4	46	11	7	30	42	12	27	
13	12	5	16	8	11	4	65	61	6	38	45	7	47	86	10	23	21	3	9	43	35	49	22	20	50	51	
20	11	19	36	10	46	71	4	14	53	155	15	54	8	7	6	30	65	12	42	5	16	3	29	13	17	33	
28	32	10	19	36	31	12	5	9	33	20	18	34	35	3	30	22	15	11	40	6	21	4	16	7	25	8	
75	229	14	27	32	5	37	13	10	15	28	11	39	83	20	19	4	49	78	6	18	12	3	50	7	22	8	
9	32	8	31	26	23	7	29	5	10	24	30	20	50	49	38	22	79	15	47	6	11	21	77	96	12	3	
32	31	6	51	3	40	5	11	44	33	41	9	13	14	18	17	20	28	7	4	45	10	19	21	53	27	107	
16	15	30	14	12	24	32	3	29	78	13	4	122	10	9	18	80	8	17	27	33	5	21	81	28	6	7	
72	59	16	70	30	48	5	3	22	35	49	76	81	28	11	66	10	8	17	31	4	36	12	9	7	39	19	
25	5	8	10	4	16	7	54	23	9	50	41	27	3	20	186	83	15	6	17	92	13	21	222	18	14	35	
5	47	4	120	50	12	38	3	9	48	33	41	42	17	16	11	22	15	6	13	10	34	18	21	7	19	8	
9	27	8	36	48	3	85	12	7	10	37	35	17	47	32	23	19	31	28	4	22	11	18	20	5	43	6	
48	47	14	36	34	31	16	9	13	62	32	10	33	69	7	30	54	3	15	44	25	11	8	4	22	5	23	
36	35	9	24	34	6	8	28	72	30	13	73	14	59	19	11	21	5	10	7	49	3	15	27	38	4	17	
98	35	11	34	38	49	10	8	14	36	55	22	27	28	6	17	3	79	12	50	9	23	7	4	13	19	20	
47	46	31	25	14	39	179	23	8	32	3	24	4	13	12	27	38	11	48	26	9	41	5	28	10	6	7	
29	25	28	3	51	54	27	7	38	33	55	8	9	10	45	5	65	16	26	4	59	34	13	6	156	14	15	
27	26	5	14	8	53	23	38	4	6	32	24	7	41	20	16	52	19	28	9	46	66	37	17	10	3	44	
14	47	13	10	38	106	12	5	8	15	20	9	21	3	26	25	89	36	49	11	6	16	4	51	7	28	29	
41	18	31	8	83	12	28	6	21	32	76	7	33	69	4	3	16	11	19	9	22	46	5	15	10	47	24	
10	9	5	50	37	8	4	28	19	39	51	25	26	36	35	7	53	81	3	33	23	40	27	68	18	69	85	
3	29	36	39	25	33	13	11	54	4	26	23	5	20	19	32	48	9	31	34	12	64	6	10	17	7	8	
54	12	24	4	11	16	68	37	23	25	5	3	87	88	10	18	7	15	13	17	48	6	95	8	14	46	22	
16	15	11	32	51	14	4	43	10	34	76	5	6	21	20	13	78	37	3	46	25	35	7	42	47	8	9	
41	4	26	3	47	16	55	8	11	5	36	12	6	32	62	19	34	15	18	54	9	13	7	20	10	14	22	
28	27	70	37	16	22	39	6	69	83	23	7	8	4	3	18	11	14	29	17	40	64	5	12	30	13	68	
13	34	12	24	33	50	69	5	8	3	41	9	32	106	17	26	16	38	55	25	6	4	18	20	7	29	57	
18	7	32	16	11	6	28	3	51	33	15	29	101	102	10	5	46	23	8	12	4	30	78	21	50	22	67	
25	30	24	33	17	42	9	3	7	32	18	12	16	106	28	27	116	21	26	110	4	13	39	22	5	20	6	
52	17	8	16	14	58	31	23	7	64	15	12	3	88	39	19	21	38	9	69	48	33	4	20	10	5	6	
61	38	14	40	37	20	6	17	4	15	49	30	52	53	10	19	32	9	56	21	5	16	11	33	8	12	3	
4	3	15	12	10	26	14	7	41	5	11	8	9	68	31	81	25	18	16	13	120	6	32	19	17	33	29	
127	68	50	31	101	21	9	7	18	61	22	10	23	15	5	20	4	13	51	32	8	11	3	56	36	12	37	
3	88	24	19	87	11	13	34	45	28	18	35	29	30	86	6	66	10	5	12	14	38	33	7	15	8	9	
13	36	12	73	20	35	15	11	31	39	138	59	3	7	6	17	5	48	14	21	16	56	4	10	46	30	47	
34	4	19	3	25	16	18	32	9	20	58	56	21	22	78	6	53	15	5	17	10	31	76	7	39	8	14	
33	10	14	9	106	27	16	13	7	3	88	8	4	37	36	26	60	48	15	28	25	12	5	61	79	6	52	
12	38	11	113	5	8	10	66	22	14	26	136	27	43	4	3	29	17	40	6	23	15	28	18	79	16	20	
48	14	11	13	19	28	10	23	5	12	36	31	45	109	18	21	27	17	15	20	6	26	110	22	7	3	4	
24	23	33	28	8	15	26	32	12	30	3	27	4	5	79	14	62	18	25	9	13	31	38	61	10	39	11	
23	38	5	37	14	31	4	17	21	9	15	51	52	13	12	46	11	30	3	32	18	10	54	47	19	84	20	
27	61	26	85	5	11	126	25	22	28	52	23	50	15	4	3	54	10	62	6	31	24	44	55	7	45	8	
13	6	76	11	5	20	55	24	9	14	17	10	15	4	3	41	19	60	7	70	54	18	27	103	8	58	59	
40	39	11	42	38	116	34	25	10	36	43	72	37	3	23	13	29	6	12	58	17	65	4	7	18	5	9	
24	5	23	68	15	4	22	78	33	6	12	34	13	14	49	48	8	3	65	21	47	7	31	9	38	32	61	
38	37	54	3	45	42	5	17	23	48	43	28	29	30	9	19	11	8	39	4	6	64	10	12	7	21	22	
10	15	9	20	25	14	67	30	8	19	21	31	32	33	24	27	5	3	11	26	41	22	29	4	12	7	62	
12	11	37	15	10	20	48	4	7	14	16	8	9	53	95	19	55	31	29	18	5	3	54	80	6	59	35	
23	22	26	28	5	13	25	10	37	27	6	38	7	8	4	12	16	3	24	31	11	15	9	33	77	36	60	
109	5	49	25	56	4	30	39	61	63	24	54	55	10	9	19	13	3	6	18	31	77	12	34	7	60	94	
48	9	32	43	8	12	31	21	16	52	44	22	53	6	5	11	24	4	10	30	17	23	26	20	3	27	57	
13	5	12	4	16	25	92	44	11	14	3	56	15	19	28	7	31	37	6	23	192	35	30	8	62	9	10	
5	9	4	8	26	48	37	18	3	7	27	19	40	25	24	53	16	63	10	29	36	15	42	17	11	94	31	
21	38	9	79	65	37	14	60	5	39	58	90	40	72	64	24	122	36	10	174	6	59	41	25	7	26	3	
3	10	14	23	28	6	13	32	21	36	47	22	41	103	27	5	105	17	4	7	33	58	42	31	16	124	81	
7	6	11	13	69	5	10	29	22	12	59	52	60	26	25	4	54	115	9	105	3	53	28	19	87	20	21	
45	26	11	60	21	15	78	3	10	41	16	4	5	24	20	28	7	14	12	51	77	32	6	8	13	9	53	
28	66	27	65	46	13	72	8	22	29	14	9	15	3	41	38	17	6	37	47	23	10	4	7	24	5	20	
6	5	39	54	15	4	8	26	78	46	53	11	103	71	14	24	13	3	7	32	9	12	35	25	28	73	74	
30	29	8	52	21	43	23	7	13	19	51	104	20	62	5	15	4	26	9	22	14	56	3	16	10	57	11	
147	146	3	5	85	17	7	34	27	4	113	8	114	54	24	14	16	20	13	6	35	29	25	15	19	26	60	
72	56	35	12	10	6	14	31	142	57	7	15	8	9	27	37	21	5	36	13	117	3	28	20	18	4	25	
19	18	11	17	91	6	13	10	28	30	7	16	8	3	85	80	5	24	12	26	14	31	4	68	23	69	66	
136	7	11	24	6	125	13	19	10	86	23	16	17	51	5	43	45	4	8	25	14	57	18	30	3	31	27	
17	28	16	27	13	46	15	95	24	18	100	57	19	41	5	4	7	11	29	3	118	64	6	22	44	10	61	
14	28	13	104	24	5	7	35	10	29	39	36	30	52	23	16	46	4	15	6	8	34	41	17	9	3	19	
49	15	48	53	118	4	27	20	8	93	5	9	10	35	18	3	24	13	16	26	21	6	11	23	32	7	64	
12	36	11	15	21	33	68	10	6	14	22	7	8	26	20	32	24	19	88	3	42	23	9	81	4	82	5	
22	13	10	12	4	28	60	35	9	11	5	18	19	3	40	85	39	27	24	29	89	6	38	34	25	7	8	
27	31	26	30	73	41	3	13	25	29	42	8	15	16	11	56	10	20	33	118	4	9	12	99	36	18	19	
3	26	9	45	6	25	8	39	43	4	69	21	5	31	17	12	24	16	11	7	40	114	23	13	41	14	15	
26	6	35	14	9	5	53	34	12	7	18	13	8	58	71	161	38	4	93	10	49	21	47	33	11	22	3	
25	47	24	37	5	9	11	15	42	44	6	36	32	33	4	3	8	87	27	10	12	7	34	14	83	41	84	
42	4	13	24	18	3	15	12	33	5	19	16	6	21	58	26	113	10	14	25	37	48	7	11	32	8	9	
79	53	9	55	16	31	18	4	8	10	91	5	20	49	15	14	25	30	96	17	13	6	3	26	110	7	87	
90	17	93	7	16	13	9	5	34	3	14	6	15	26	74	36	28	12	39	8	10	4	27	72	11	33	41	
70	47	7	46	10	54	21	19	6	8	11	17	9	28	27	106	13	26	48	32	3	12	37	14	4	15	5	
8	7	48	3	37	6	44	23	105	12	21	45	69	36	35	5	52	16	49	4	24	13	71	51	57	14	15	
11	20	10	62	19	28	14	9	24	21	29	25	39	7	3	73	5	17	13	72	15	22	4	74	16	23	83	
6	32	5	31	29	42	4	54	11	33	30	24	39	28	27	18	26	61	3	35	12	25	40	19	9	20	10	
30	20	29	9	7	48	11	24	3	21	8	4	5	6	18	15	17	87	31	10	46	66	23	16	35	41	60	
44	5	24	4	13	31	7	23	27	45	47	3	17	41	12	21	30	11	6	14	65	9	127	22	26	10	38	
80	8	18	24	7	4	39	36	17	62	5	43	6	34	21	10	32	3	9	25	40	72	35	31	14	85	15	
56	12	55	9	17	23	19	48	7	13	10	8	16	27	26	25	80	22	52	3	20	47	28	63	4	29	5	
5	4	58	8	11	3	26	38	24	7	9	27	10	78	36	43	18	21	64	53	25	17	37	19	67	20	33	
12	11	122	10	15	8	154	111	75	13	9	112	14	18	24	41	23	3	40	53	76	33	22	4	62	5	6	
17	27	16	10	90	8	3	32	15	18	9	4	85	62	61	30	60	7	23	11	51	5	64	31	12	6	13	
38	37	6	83	13	43	8	5	64	3	51	48	11	12	16	15	33	55	7	14	30	4	68	32	72	53	54	
167	9	15	46	25	8	11	20	14	48	42	45	55	40	24	23	50	7	10	26	12	43	102	3	13	4	5	
17	23	16	91	55	22	19	7	12	57	49	8	9	28	27	21	30	5	18	39	13	50	3	6	14	4	35	
11	49	10	13	4	60	9	24	7	12	37	17	30	31	3	54	19	70	42	5	8	18	21	23	6	39	111	
36	40	12	61	19	39	14	27	11	41	20	3	4	25	108	38	30	8	13	67	15	29	5	9	68	6	7	
56	13	9	26	12	22	24	16	8	10	30	17	11	35	34	46	120	21	66	23	45	15	119	47	3	19	4	
16	22	5	24	12	30	4	126	8	18	25	9	10	11	47	62	29	46	6	3	44	51	28	53	7	54	33	
54	43	3	17	38	15	5	108	9	44	16	57	84	85	28	11	20	14	4	39	10	19	29	12	8	13	23	
4	3	22	24	59	7	43	21	132	23	8	30	9	10	18	6	66	14	5	42	44	28	12	15	39	13	33	
20	19	32	15	76	13	4	24	31	21	14	67	22	72	7	6	12	10	3	16	5	34	8	11	26	9	85	
29	28	4	37	20	27	22	14	3	5	36	32	6	7	19	39	34	12	16	21	149	33	8	13	17	9	10	
7	23	6	3	22	42	5	30	15	8	10	31	55	19	18	17	41	28	24	4	16	82	40	29	13	58	14	
8	26	7	3	48	23	36	6	14	9	4	15	16	17	41	22	40	46	35	89	12	5	18	39	13	19	129	
102	42	5	7	41	28	90	12	4	6	54	95	40	58	57	18	56	10	35	8	17	15	63	11	9	50	3	
5	4	14	69	3	26	29	10	17	8	46	11	42	43	136	52	23	21	15	61	18	9	49	22	16	32	20	
36	35	25	11	34	9	20	4	41	26	10	5	6	131	56	106	8	55	37	19	30	3	7	92	38	89	39	
40	5	39	4	9	46	21	29	15	6	47	3	7	8	84	11	45	107	129	10	30	28	44	12	25	13	14	
16	15	30	115	71	14	24	8	3	87	139	9	10	11	27	26	13	6	18	23	4	88	12	7	5	89	20	
60	59	4	54	11	79	38	3	19	48	12	20	40	9	8	32	25	7	5	28	15	13	41	104	6	76	17	
9	8	20	14	31	7	17	36	28	21	13	29	30	137	34	11	6	4	10	32	18	22	35	5	51	23	3	
5	14	4	11	74	58	3	50	8	10	12	30	72	73	48	57	47	45	6	23	39	108	49	46	7	119	120	
72	3	58	5	12	24	75	33	57	4	29	83	27	31	8	7	10	19	74	6	34	15	9	17	92	18	41	
3	36	24	32	45	15	6	11	48	37	16	7	17	18	44	34	9	27	5	29	54	8	22	10	26	71	75	
35	6	34	84	9	5	23	38	21	7	10	65	8	133	43	4	16	14	59	3	22	37	12	15	19	13	20	
9	8	19	7	5	15	18	37	43	80	6	3	4	73	67	113	33	14	12	28	77	65	32	34	13	82	83	
20	19	49	62	26	10	5	35	3	22	27	6	7	24	78	17	9	38	58	11	4	47	8	34	12	40	13	
36	24	35	14	23	6	34	28	17	25	7	21	22	79	73	140	9	5	33	15	18	8	27	10	16	3	4	
13	12	29	119	19	11	56	36	28	30	67	37	68	5	4	3	10	17	14	26	184	31	9	23	15	32	16	
19	9	6	8	33	17	11	38	5	7	141	39	60	32	31	16	23	30	10	25	12	22	3	37	13	4	89	
46	9	19	31	22	8	34	4	44	20	80	35	21	67	54	65	14	7	10	38	5	42	3	13	6	43	49	
10	3	65	42	54	8	35	33	17	12	48	18	19	20	38	5	7	82	4	30	34	13	23	6	72	14	15	
64	7	99	9	6	62	18	16	3	8	96	4	5	14	13	12	29	21	11	60	17	38	15	28	20	24	25	
15	54	14	41	72	47	17	13	111	56	42	23	79	30	5	4	7	11	16	3	118	24	6	12	45	10	26	
59	45	58	37	9	27	32	13	30	60	75	14	15	16	8	11	3	24	46	10	31	68	19	4	29	20	21	
21	4	20	3	26	14	104	29	19	5	7	50	51	25	24	23	58	13	22	11	30	28	52	32	12	53	54	
80	11	67	13	4	18	62	33	44	12	5	34	30	3	9	17	24	8	81	16	50	6	32	23	43	7	94	
26	21	43	33	24	4	64	51	7	22	32	8	9	10	117	39	12	3	38	5	76	50	11	13	6	16	17	
17	16	10	15	5	26	67	20	9	11	14	30	12	64	4	3	35	25	22	6	47	19	114	34	7	32	8	
78	97	20	39	16	29	65	46	10	21	30	11	12	54	7	109	14	6	79	17	3	22	8	24	4	9	5	
3	6	70	5	24	29	12	69	19	4	22	13	23	49	40	56	37	28	16	11	45	139	36	38	17	52	18	
24	11	4	19	14	10	3	47	67	5	18	68	6	7	27	16	9	99	25	15	71	69	8	38	66	84	106	
40	33	9	19	17	6	8	38	57	34	18	73	35	36	13	25	15	5	10	7	24	70	14	26	3	29	4	
30	29	64	109	20	25	17	15	11	34	21	18	19	135	48	13	24	55	53	46	12	35	3	14	54	4	5	
90	49	44	48	20	7	43	41	12	50	21	13	55	19	18	3	15	6	45	8	42	14	26	4	9	5	10	
39	11	5	10	31	21	60	8	4	6	84	9	34	35	18	41	20	17	40	22	15	7	19	93	16	3	24	
20	14	26	16	13	78	28	7	4	15	17	5	58	70	12	23	87	11	22	79	47	6	36	24	31	3	32	
120	37	99	36	73	8	79	34	5	38	255	19	84	139	14	7	86	13	89	9	6	20	15	11	3	12	4	
13	12	3	5	59	11	7	22	65	4	45	8	20	50	58	32	10	27	14	6	16	9	21	86	107	26	41	
19	84	11	23	35	32	10	5	8	22	24	3	34	38	14	13	31	43	12	45	6	4	15	50	7	16	91	
8	35	7	55	40	15	17	44	6	42	80	38	39	24	23	10	3	14	9	16	18	43	25	4	19	5	13	
58	49	31	4	24	37	26	13	19	3	38	69	66	23	11	6	40	10	32	5	14	39	12	7	15	8	9	
61	54	35	19	17	50	56	34	13	36	18	14	15	9	5	4	7	42	3	38	57	21	6	23	58	11	12	
67	21	4	56	11	24	16	65	3	60	12	42	13	37	7	6	9	99	5	15	17	61	8	47	29	39	40	
5	4	8	114	16	3	7	41	49	10	90	44	11	12	15	52	14	23	6	30	42	45	13	24	21	25	22	
99	14	19	7	3	13	5	34	18	15	8	6	26	27	23	32	22	12	100	4	31	9	28	33	74	10	11	
14	7	66	70	12	6	17	22	26	69	36	20	37	112	11	34	61	5	8	3	18	21	55	30	4	25	171	
26	15	30	9	14	49	7	5	29	55	10	8	3	36	13	119	12	22	16	20	6	11	4	97	21	38	39	
54	29	3	21	6	19	8	46	24	4	20	25	5	27	13	10	12	18	30	7	9	49	14	11	23	15	16	
61	39	6	15	69	18	29	9	5	7	70	10	11	32	35	17	34	55	62	3	23	8	12	21	4	26	58	
101	11	25	3	28	10	24	6	41	26	4	7	27	15	14	13	9	54	12	20	48	5	16	39	108	40	61	
3	27	164	26	20	9	36	47	24	4	59	25	60	18	17	29	14	8	28	10	48	5	46	13	11	6	7	
17	44	16	55	12	43	32	15	3	18	13	27	19	9	8	5	7	47	45	49	4	14	29	6	46	69	59	
18	10	49	12	4	9	56	42	36	11	5	67	21	22	3	38	15	8	58	25	37	6	29	39	26	7	134	
5	23	4	57	41	22	7	28	3	24	73	56	74	38	16	46	18	15	6	52	12	25	17	19	10	20	14	
56	77	19	10	8	16	18	13	41	57	9	22	23	7	6	15	64	5	20	17	14	12	24	36	27	32	3	
3	47	31	41	46	7	18	10	30	4	8	40	45	239	14	20	6	13	34	42	11	5	15	21	12	22	186	
75	45	9	41	15	44	84	18	8	46	16	19	49	14	13	43	21	12	10	35	3	17	29	22	4	23	5	
14	13	62	10	8	27	23	61	43	3	9	30	16	17	7	68	19	6	63	22	24	4	18	55	25	5	41	
5	4	13	3	10	46	12	37	70	15	18	71	16	25	9	8	20	79	7	11	95	19	22	41	105	69	106	
9	8	43	100	30	7	3	42	17	40	115	4	36	48	29	89	6	12	10	136	18	5	109	21	11	22	23	
31	30	18	37	5	35	12	17	61	19	36	13	20	4	3	39	15	8	32	6	42	14	21	16	7	60	44	
26	25	46	33	54	24	69	17	31	3	34	32	4	5	11	19	7	10	68	75	18	63	6	8	79	9	14	
7	37	6	27	3	12	5	61	15	9	28	26	29	21	20	34	11	19	39	4	16	10	22	60	14	23	18	
46	20	53	19	26	4	22	68	17	28	5	18	24	25	32	3	7	13	21	15	92	6	33	120	16	11	12	
29	53	28	52	50	12	14	8	23	33	51	9	60	87	40	16	11	3	55	13	15	10	41	4	47	5	36	
71	26	9	25	21	13	23	48	8	72	63	24	3	4	19	79	34	12	10	14	29	64	5	33	11	6	7	
5	4	13	21	3	47	15	12	43	6	10	16	7	8	53	37	94	40	14	22	44	11	55	38	45	39	112	
58	8	11	22	25	7	10	117	29	53	17	30	24	91	75	4	6	89	9	3	14	18	32	5	27	33	28	
97	134	6	24	16	12	3	21	95	23	17	27	28	29	15	14	11	9	7	13	4	18	30	10	8	37	47	
36	18	35	20	51	5	53	12	34	19	49	13	38	9	8	4	40	16	43	3	54	14	11	26	31	15	32	
32	31	22	4	9	12	21	19	38	3	77	54	55	16	8	11	25	7	34	5	20	24	18	36	6	37	67	
18	94	17	3	11	56	27	16	44	20	4	28	5	38	10	36	14	9	33	30	26	13	6	15	46	7	8	
30	29	24	89	14	39	23	21	5	25	15	6	26	13	12	11	51	62	45	66	3	7	50	63	4	8	75	
24	18	13	45	17	116	12	29	6	14	46	30	15	16	21	20	73	81	19	53	7	3	28	40	8	4	5	
45	51	19	47	60	23	15	13	18	46	77	57	58	59	5	35	4	9	20	24	14	66	6	3	17	7	8	
15	9	3	11	8	38	63	101	32	4	12	59	5	6	24	37	26	20	56	36	67	17	25	21	57	18	19	
37	8	60	32	4	11	45	18	30	38	5	31	3	71	21	10	48	16	9	12	19	39	50	17	13	29	14	
3	61	8	51	22	35	37	18	7	4	52	44	21	75	25	16	34	69	102	23	15	5	33	17	28	6	13	
24	23	34	69	5	11	37	19	51	68	70	20	21	16	4	3	10	14	25	6	38	46	9	32	13	30	63	
21	14	5	7	19	13	4	29	73	6	42	30	16	17	35	9	32	12	56	3	45	31	28	10	52	11	61	
106	63	4	58	79	32	3	49	9	5	42	57	6	66	14	31	44	13	11	33	19	43	7	45	12	8	17	
3	20	17	19	11	8	55	53	16	4	9	56	10	42	28	23	27	7	22	12	54	5	29	35	13	6	14	
59	12	78	17	11	55	43	15	5	13	18	16	19	20	10	63	28	9	60	42	6	14	3	29	7	4	8	
5	4	50	3	20	23	34	11	8	92	14	9	18	19	37	22	65	82	6	21	33	10	38	27	7	28	29	
54	95	39	76	68	47	12	24	10	40	66	3	4	42	87	26	60	16	51	48	11	34	5	17	14	6	7	
4	22	3	6	10	21	62	27	33	5	7	28	8	9	15	74	20	14	23	82	61	12	16	19	24	13	84	
11	10	50	9	18	3	26	100	7	14	19	8	15	16	39	71	33	23	70	4	64	32	21	34	5	22	6	
28	27	5	12	17	10	7	55	4	29	11	20	21	53	16	9	15	25	6	18	8	14	54	75	3	41	73	
7	28	6	27	13	17	82	25	5	8	14	26	23	107	12	34	16	11	29	18	73	3	24	40	19	4	55	
18	17	36	40	11	16	38	67	32	24	72	3	25	63	10	20	9	7	19	12	33	4	51	8	13	5	6	
16	15	64	7	37	23	39	43	5	65	71	6	41	34	20	9	22	59	18	8	3	66	21	10	4	11	29	
11	10	14	30	9	20	13	24	77	48	31	29	32	8	3	19	62	6	12	21	25	110	4	23	69	5	87	
16	27	15	5	83	11	18	14	3	25	6	4	41	42	134	31	48	10	17	58	55	7	43	32	68	8	9	
66	5	57	71	17	4	68	40	13	38	24	95	29	21	16	15	10	3	6	18	14	25	51	9	7	12	34	
8	12	7	81	16	11	41	6	20	46	29	129	47	48	15	4	38	23	3	40	21	30	49	5	19	31	32	
25	16	8	15	13	33	18	23	7	9	14	19	10	11	52	51	21	3	17	34	88	20	84	4	31	5	6	
16	7	32	201	77	6	31	29	45	17	89	37	18	39	11	3	5	10	8	22	30	47	12	4	9	25	43	
131	8	44	7	36	13	5	65	3	15	62	6	21	22	35	10	12	39	9	26	4	111	23	11	38	42	57	
34	46	30	4	54	23	32	15	12	47	24	3	25	9	8	20	22	7	31	5	19	14	10	21	6	11	43	
29	6	15	8	25	5	14	12	19	7	33	20	64	49	24	10	47	4	30	9	13	17	50	11	77	3	78	
58	5	71	7	4	11	137	70	61	6	23	62	26	19	3	10	17	14	9	12	103	48	16	90	13	33	34	
47	33	37	14	50	19	12	24	10	38	15	13	39	6	5	4	41	31	34	3	11	23	7	29	35	8	9	
71	23	30	17	80	15	19	29	69	24	16	33	27	45	44	4	10	8	3	18	20	34	28	5	37	6	7	
16	15	11	24	14	6	38	61	10	12	7	3	13	133	21	30	5	20	17	167	37	4	52	45	18	9	19	
8	7	23	69	6	36	59	16	3	24	27	4	5	14	13	12	65	19	11	46	17	41	15	97	18	53	132	
66	32	84	4	94	21	16	11	14	67	22	3	23	40	9	6	8	45	33	5	12	72	10	7	13	25	26	
58	15	18	14	9	23	17	5	12	3	28	13	29	30	8	7	39	22	16	10	6	4	31	38	11	36	21	
6	5	11	4	48	36	26	10	22	30	37	3	47	16	15	8	35	14	7	25	55	31	17	9	13	18	19	
6	5	16	60	4	26	15	79	13	7	55	126	8	9	3	25	30	42	19	63	14	29	10	85	20	11	12	
18	17	28	11	6	14	58	3	54	21	7	4	5	38	37	13	41	25	30	12	59	47	23	26	34	24	35	
46	10	27	80	9	44	12	16	24	28	32	57	29	7	6	14	34	5	11	88	13	3	41	15	22	4	23	
62	27	21	60	8	30	57	12	47	22	35	18	23	24	7	10	6	4	28	9	13	19	53	5	3	78	44	
7	27	6	17	26	33	69	22	5	8	18	97	25	40	39	71	10	32	3	79	68	9	41	11	4	12	13	
142	31	44	23	30	4	14	37	18	65	22	15	39	96	29	3	9	7	32	5	19	16	50	8	6	17	59	
39	38	53	43	21	37	12	26	5	42	70	13	14	33	20	7	19	17	55	3	6	25	15	8	4	9	111	
9	24	8	29	32	23	70	7	12	14	30	19	15	37	5	4	22	35	3	33	71	26	6	93	11	17	41	
6	42	5	41	58	66	17	24	4	22	59	11	44	35	34	65	33	55	8	114	25	12	36	47	9	13	3	
15	5	40	29	4	13	42	8	39	6	30	9	10	3	25	45	12	24	41	95	54	7	11	22	55	23	38	
27	33	26	13	18	7	25	54	77	28	12	121	22	17	16	15	4	10	34	8	36	53	3	5	9	75	68	
12	8	11	30	7	17	10	3	21	50	29	45	32	33	6	5	27	16	9	18	4	43	67	26	15	52	20	
12	42	11	41	67	105	28	10	20	22	109	3	56	7	6	30	5	16	14	49	29	4	9	31	15	19	36	
7	18	6	3	54	15	5	21	87	19	16	22	56	30	29	11	24	14	8	4	10	20	31	12	27	13	84	
125	25	55	161	16	24	48	20	6	56	17	7	8	9	14	35	23	13	26	47	31	22	11	89	27	12	3	
34	8	5	7	25	17	32	4	12	6	18	13	76	67	24	16	45	23	9	15	42	3	47	44	10	20	11	
32	84	25	11	79	28	9	18	4	33	12	10	34	78	40	27	36	16	26	29	5	13	35	17	6	14	3	
13	12	43	32	11	7	30	38	22	15	8	31	3	4	27	24	6	71	65	19	23	45	5	25	20	68	21	
20	11	19	77	37	10	23	32	18	73	38	33	74	6	5	4	35	9	12	15	3	34	7	31	16	8	17	
27	17	8	16	67	54	19	34	7	28	68	15	61	45	44	21	53	11	9	3	20	36	46	12	4	13	5	
28	9	13	6	40	26	35	12	4	10	7	5	39	44	23	22	25	53	14	21	34	11	24	97	15	31	3	
4	16	3	40	23	11	35	20	102	5	12	21	22	65	64	59	10	8	37	34	136	6	66	9	62	7	31	
16	15	30	32	21	10	29	5	27	31	3	6	51	61	20	19	13	9	18	33	28	4	64	25	55	8	37	
9	8	55	96	41	7	11	31	16	105	108	17	25	110	29	43	45	6	10	42	12	18	26	21	13	3	4	
10	9	28	8	25	17	22	59	6	14	3	7	24	39	38	19	16	56	79	18	75	4	31	116	55	5	101	
32	19	24	18	3	30	63	23	16	25	4	17	5	6	10	21	12	9	20	66	49	28	7	22	34	8	35	
104	36	31	35	27	12	33	67	6	3	54	7	8	26	25	14	79	11	32	13	23	4	9	18	29	5	20	
55	58	54	57	31	13	53	17	4	56	14	5	6	7	34	33	20	12	59	32	68	19	8	21	65	3	10	
13	54	12	47	6	36	19	11	82	3	7	103	4	5	88	57	30	33	18	119	71	15	10	31	63	32	64	
87	25	30	17	15	24	27	6	9	60	16	10	3	4	39	23	51	38	26	22	7	36	5	77	8	37	33	
99	84	3	18	31	7	16	14	27	39	19	17	81	82	30	9	59	6	4	8	15	40	58	13	5	63	25	
8	19	7	18	40	24	79	6	11	13	25	34	35	36	68	51	4	23	9	129	31	14	3	5	10	29	22	
12	11	23	44	10	32	22	53	20	14	128	27	28	7	6	31	5	3	24	30	21	15	72	4	25	16	56	
22	8	21	40	3	7	58	12	37	39	4	13	17	18	79	10	6	32	9	41	35	5	19	11	36	30	31	
40	39	33	6	48	13	32	17	4	37	7	5	47	93	10	15	9	22	34	14	64	8	11	16	3	20	21	
20	19	32	103	4	46	6	31	13	21	47	7	3	37	17	29	43	16	33	5	14	93	42	30	11	68	12	
41	12	35	3	32	8	34	15	22	13	51	16	95	28	27	5	7	26	42	4	47	14	29	6	54	21	58	
37	73	33	39	69	6	35	11	48	38	7	65	51	67	17	13	9	5	34	15	12	3	18	10	29	4	23	
36	69	35	49	22	6	24	89	12	37	44	27	28	20	19	8	42	5	92	7	13	38	85	3	11	4	102	
56	41	17	26	3	40	19	24	16	42	4	20	21	11	10	50	39	9	18	49	66	5	14	38	62	6	7	
38	37	17	19	42	27	34	56	9	18	20	10	21	22	6	31	74	5	51	30	71	11	3	55	52	4	13	
107	15	8	4	123	14	17	27	7	3	124	28	29	25	24	19	81	13	16	5	18	10	26	20	6	11	12	
21	29	20	35	5	12	46	19	32	23	6	80	24	74	4	94	11	3	30	45	39	7	59	10	31	8	16	
31	30	9	57	18	6	3	14	61	16	19	62	17	24	23	5	27	12	10	7	4	20	26	13	11	21	44	
38	14	29	13	26	36	9	4	7	89	91	12	33	72	25	16	18	21	15	27	5	52	3	17	6	20	166	
79	4	25	97	3	7	14	47	21	42	45	17	43	76	11	6	92	10	5	8	15	18	88	28	9	19	20	
26	4	76	17	13	3	15	38	47	42	10	16	11	12	36	6	8	33	5	14	48	51	37	7	32	45	46	
4	42	3	10	41	8	75	14	123	5	9	30	12	46	20	50	7	19	17	34	25	6	13	23	18	58	36	
3	29	13	39	33	28	16	63	12	31	84	70	32	21	6	5	8	27	4	34	42	71	7	9	49	10	11	
25	24	50	7	23	10	34	5	121	26	11	3	22	43	42	9	41	14	33	8	71	4	45	82	52	13	88	
19	6	43	17	32	5	42	29	52	20	16	30	31	26	25	8	4	14	7	10	96	3	28	12	51	13	23	
3	41	63	10	77	8	51	13	26	5	9	34	75	21	20	15	7	29	43	50	14	6	24	16	28	25	32	
16	10	7	9	37	75	6	48	4	8	51	49	58	87	36	39	204	31	19	38	5	12	59	32	3	13	34	
24	23	10	3	22	29	37	9	51	11	4	59	5	6	16	15	18	28	25	44	14	12	8	19	26	96	27	
41	8	102	32	7	65	10	14	17	67	31	11	12	6	5	4	23	21	9	3	15	158	13	22	16	25	20	
12	16	11	30	15	41	166	28	10	13	71	29	14	7	6	36	3	21	65	31	35	52	8	4	32	9	24	
53	3	14	59	26	6	33	9	79	15	7	40	16	17	24	5	50	20	4	22	10	8	18	12	47	19	127	
13	12	50	66	11	7	4	32	19	51	44	20	45	56	10	6	22	39	14	3	5	21	17	26	112	18	28	
61	60	11	126	27	59	35	10	5	12	113	6	13	14	23	22	8	30	63	3	21	7	15	9	4	18	19	
9	8	3	5	76	51	23	31	17	4	6	18	53	96	89	14	55	58	13	22	32	30	54	15	44	16	65	
334	7	89	29	6	46	3	18	33	28	15	4	5	13	12	42	45	11	8	30	41	39	17	79	9	23	10	
9	8	14	42	7	22	24	13	17	10	38	18	11	55	6	34	21	5	15	23	3	39	12	35	4	49	28	
48	17	72	16	46	6	19	99	38	49	15	31	66	10	9	8	33	5	18	7	20	32	11	24	3	12	4	
72	7	19	6	13	51	39	18	4	20	55	5	12	43	42	41	22	16	8	14	40	21	60	17	9	24	3	
17	16	9	56	5	15	49	8	24	10	3	35	4	12	21	20	14	27	19	45	25	7	13	148	26	23	61	
15	19	14	73	3	61	34	32	13	16	171	35	17	53	6	5	91	22	20	4	33	77	37	10	21	11	12	
7	53	6	65	69	52	17	5	20	64	66	30	48	24	12	3	57	35	10	101	18	31	13	4	19	32	33	
3	9	42	8	15	22	6	30	121	10	12	7	13	14	68	24	21	45	5	23	31	20	29	40	44	92	65	
27	62	21	97	18	32	20	11	3	22	33	4	17	60	7	38	6	31	28	19	12	5	8	10	13	24	14	
67	9	25	30	41	8	19	36	17	10	31	29	3	33	47	21	46	7	26	42	18	11	4	14	27	5	6	
9	8	14	7	29	19	64	52	5	22	30	6	28	46	45	16	18	41	10	39	71	23	48	17	11	34	3	
29	6	20	25	5	70	57	13	23	30	26	14	31	32	4	3	16	11	7	44	56	15	18	9	22	10	37	
66	6	34	15	9	5	43	27	41	7	10	44	8	31	30	29	4	25	39	51	28	3	32	19	40	24	78	
40	17	14	16	80	4	19	8	22	15	37	27	79	91	11	6	29	3	18	5	9	28	12	7	21	34	83	
125	56	39	45	23	8	25	11	68	40	9	28	41	5	4	3	7	14	70	24	12	10	6	31	13	32	33	
35	25	116	24	33	44	50	40	22	46	65	23	99	6	5	37	12	4	26	54	41	66	7	13	3	8	19	
27	26	4	29	8	25	10	63	3	5	20	93	6	7	15	12	14	24	82	9	11	21	16	13	90	22	23	
63	12	29	5	11	21	87	32	3	30	6	4	7	18	10	14	9	37	13	22	43	31	8	15	27	35	36	
14	13	20	3	12	26	5	17	101	15	59	6	43	216	11	32	25	10	21	4	18	16	38	24	9	50	51	
110	32	21	25	54	10	17	6	15	76	11	18	12	4	3	38	59	9	22	28	7	19	5	39	8	14	64	
15	11	14	10	4	39	6	49	23	18	46	9	47	3	33	44	35	32	12	5	7	19	34	76	25	20	21	
10	41	9	23	59	32	3	8	13	22	24	4	5	6	46	15	17	76	11	33	14	64	7	16	12	19	66	
118	71	20	33	58	11	4	31	14	29	44	15	16	91	36	35	50	7	3	12	5	30	17	8	6	9	88	
45	5	118	43	18	4	7	30	12	46	19	16	17	36	28	3	22	67	6	59	8	32	21	155	9	89	10	
3	86	44	61	13	49	10	34	8	5	29	11	12	69	17	39	26	16	45	14	9	6	18	25	15	7	23	
31	21	30	11	20	16	13	41	4	22	17	5	6	19	44	15	108	34	32	12	14	40	7	182	3	8	55	
51	5	20	46	4	14	17	24	30	52	42	31	43	58	3	22	10	8	6	47	18	32	28	9	7	12	61	
22	16	52	40	33	9	24	6	30	35	10	27	11	12	67	8	4	19	17	45	7	3	13	5	18	29	50	
23	18	30	4	9	12	29	75	49	19	13	3	20	39	8	11	52	7	28	5	76	14	59	53	6	15	36	
7	59	6	53	48	11	21	40	5	8	65	37	38	133	43	42	10	14	69	12	20	9	3	15	13	4	17	
135	10	32	9	94	28	90	7	18	11	42	8	80	98	5	27	57	4	36	29	14	12	6	24	15	3	16	
41	15	9	69	67	14	17	8	29	3	23	33	4	25	56	21	6	13	16	52	18	11	5	7	63	12	28	
37	36	4	22	46	8	48	3	11	77	21	12	17	162	45	34	19	7	5	9	71	13	18	69	6	14	73	
6	5	19	4	45	34	36	39	10	20	46	3	44	24	23	33	22	13	8	35	11	21	25	14	9	15	16	
3	14	33	30	18	13	32	10	6	16	68	7	8	56	23	12	25	22	4	31	11	43	9	50	5	51	118	
46	17	5	19	16	52	4	10	31	18	25	8	36	134	15	14	107	51	6	3	11	9	129	77	69	30	75	
148	7	113	3	6	46	28	91	16	8	4	17	5	53	13	12	45	86	27	11	38	95	14	102	115	15	108	
71	10	23	53	9	20	22	31	26	52	54	32	33	6	5	12	19	4	11	21	38	68	18	30	3	35	36	
3	8	11	35	7	68	10	27	33	5	18	34	6	16	15	25	14	30	9	36	28	13	40	26	29	32	64	
28	40	27	51	39	44	19	14	4	29	64	5	6	12	11	69	37	10	41	68	18	16	7	36	21	8	3	
74	25	8	56	24	19	10	16	7	55	20	14	110	62	23	3	22	28	9	35	11	15	64	4	12	5	6	
68	44	11	43	38	29	49	20	7	12	30	25	13	37	16	35	15	4	45	48	8	23	14	5	3	6	157	
112	13	5	19	8	30	26	4	16	6	67	65	7	51	11	10	95	29	14	9	27	114	54	3	15	55	40	
71	70	14	111	26	9	20	18	13	72	10	42	34	3	25	16	68	8	15	27	19	11	5	17	23	6	7	
10	9	6	8	3	22	5	34	52	7	30	37	38	39	15	21	83	14	11	4	35	33	40	82	12	50	13	
34	29	19	28	49	8	3	18	26	35	12	27	13	14	60	10	54	7	20	9	4	36	17	55	5	56	6	
5	4	13	3	22	109	12	10	31	6	34	25	7	8	18	93	17	57	82	23	11	16	9	76	29	56	30	
62	7	15	6	10	56	4	38	22	8	65	5	9	41	48	55	124	36	3	11	13	17	43	37	26	18	19	
4	33	3	56	37	16	9	7	12	5	48	42	36	68	26	15	50	25	14	17	8	6	27	51	11	60	61	
13	9	12	39	8	29	11	4	94	20	23	5	6	7	34	28	33	67	10	105	27	3	25	75	71	66	72	
66	65	49	24	74	22	28	5	8	50	23	9	10	11	17	41	38	3	108	27	6	30	12	4	7	20	61	
13	32	12	31	18	54	34	22	11	15	19	23	16	17	63	85	6	4	33	58	66	24	21	5	59	3	60	
44	5	11	4	29	23	10	20	8	12	3	27	18	32	47	22	52	41	6	58	9	51	19	70	7	34	38	
55	19	32	34	6	53	28	83	26	33	7	84	111	17	5	39	4	22	20	35	27	8	3	23	21	24	25	
56	4	39	6	9	3	23	21	17	5	7	18	8	31	30	51	27	36	34	13	22	69	20	28	14	47	15	
35	22	13	15	33	10	12	19	47	14	81	20	44	29	28	17	27	5	23	11	72	37	45	6	24	7	3	
287	40	56	8	14	52	16	6	55	41	9	7	22	4	3	51	33	12	57	15	17	10	5	32	54	11	59	
6	5	55	8	169	4	18	24	37	7	40	19	95	34	22	3	21	15	10	17	43	20	23	48	11	36	12	
30	10	13	68	6	28	12	56	19	58	7	48	8	5	4	22	3	34	11	46	26	59	36	23	18	24	33	
3	43	26	67	53	6	25	20	65	30	7	21	8	50	46	5	48	11	4	13	24	22	9	16	14	10	56	
33	111	18	85	71	28	12	10	15	19	29	22	81	51	5	4	7	44	3	72	11	20	6	55	14	41	42	
71	34	67	17	25	3	62	22	6	35	16	7	24	76	75	27	20	14	72	4	48	8	57	21	5	9	43	
7	6	26	45	53	5	29	13	25	48	44	14	15	69	11	19	4	10	8	39	18	64	12	3	9	23	24	
4	40	3	53	9	23	74	49	19	52	10	77	11	35	8	7	44	22	6	13	20	57	16	43	21	17	18	
50	41	49	40	18	38	20	26	9	42	39	10	3	12	16	24	32	15	57	19	21	28	4	25	58	5	6	
5	19	4	59	12	15	3	26	77	48	58	10	11	127	44	14	24	30	6	13	8	23	41	25	29	42	99	
31	30	16	18	9	6	15	43	56	3	7	39	8	154	28	22	5	12	32	10	44	4	49	26	11	64	65	
68	5	32	11	44	4	34	9	14	6	27	10	7	71	57	3	22	20	33	12	35	28	8	21	13	29	19	
70	66	32	39	51	91	4	14	35	67	46	7	47	59	23	27	9	12	33	40	3	8	24	10	21	11	74	
29	70	28	5	15	42	118	3	8	30	38	4	31	35	14	41	25	13	90	6	9	24	32	21	7	50	11	
21	20	45	19	4	32	17	11	42	22	24	12	13	14	3	49	82	8	48	5	43	25	10	28	6	26	7	
5	27	4	15	26	33	3	21	12	7	34	37	8	25	24	23	39	19	31	16	22	35	9	20	17	10	11	
4	3	7	30	11	23	6	18	40	20	31	26	32	33	10	9	22	71	5	24	15	21	34	17	70	37	38	
19	18	9	6	71	17	8	44	4	10	12	5	13	84	31	42	30	16	52	7	26	21	14	29	27	15	3	
7	3	13	5	31	44	9	12	57	4	32	10	30	50	49	43	52	19	8	47	22	11	51	20	17	76	18	
18	17	55	6	10	16	62	4	59	33	7	5	8	9	29	101	38	15	19	11	89	34	3	37	12	35	13	
21	13	38	8	34	19	10	71	6	22	44	7	33	42	52	15	62	18	3	9	30	27	107	16	4	17	5	
8	21	7	11	38	20	67	6	33	10	12	30	13	57	56	23	4	19	22	109	26	3	14	5	54	15	16	
83	121	17	73	41	99	85	25	16	18	118	67	19	20	7	4	6	23	79	42	3	68	8	5	34	9	10	
26	10	13	33	4	51	12	17	109	56	52	22	3	45	8	15	62	7	11	5	18	23	61	16	6	79	107	
5	4	19	23	32	3	38	9	18	6	24	52	7	117	152	72	35	13	16	37	10	34	8	67	11	84	12	
8	7	24	6	19	83	10	62	4	25	20	5	18	45	35	34	37	69	9	33	106	21	27	38	3	22	130	
103	17	9	19	3	40	21	24	8	18	48	13	14	15	28	42	27	39	10	4	61	23	29	70	5	38	6	
91	18	28	10	17	8	27	31	5	19	9	32	20	24	16	7	85	47	95	11	6	30	88	48	3	40	4	
50	38	49	64	4	7	66	14	10	39	19	11	12	3	30	6	29	27	51	5	46	20	13	28	9	21	26	
32	8	18	71	7	110	63	17	4	9	81	5	6	86	21	20	11	15	19	72	44	10	22	12	39	3	14	
39	38	9	17	15	37	19	28	8	33	16	20	49	13	12	11	22	25	10	18	3	21	27	23	4	24	5	
10	9	24	8	4	14	6	21	31	11	19	7	26	3	17	16	13	41	57	5	22	12	29	42	58	30	35	
3	43	32	45	23	17	10	8	94	44	24	29	25	14	6	5	16	60	4	18	9	30	7	61	66	59	67	
52	12	22	11	6	17	37	9	33	13	7	10	19	46	5	4	131	16	23	3	77	8	20	99	24	15	67	
16	15	12	14	9	20	11	43	48	3	78	40	23	27	8	19	25	7	18	10	44	4	24	33	45	5	6	
29	28	119	4	43	12	45	67	15	30	3	24	35	36	42	6	32	11	83	5	16	31	39	7	14	8	9	
16	15	11	4	7	45	35	10	40	3	5	56	6	29	28	23	31	27	43	22	34	9	30	24	48	25	26	
13	36	12	193	35	8	15	23	11	37	30	56	38	34	19	18	4	7	14	9	27	31	20	3	10	6	174	
9	24	8	4	12	29	32	7	17	10	3	22	11	80	38	14	28	37	31	13	18	6	39	15	36	16	61	
41	40	20	39	66	28	55	16	19	21	45	142	3	7	6	30	5	10	48	29	17	22	4	63	18	9	104	
94	28	7	96	10	4	6	23	81	8	11	43	9	19	18	30	3	52	29	5	103	12	20	22	50	80	51	
30	29	40	16	14	28	32	5	11	41	15	6	7	19	23	22	27	3	31	21	92	26	8	4	69	9	10	
35	34	88	37	4	20	66	135	17	36	10	29	11	3	8	19	51	7	65	5	18	15	59	50	6	16	26	
60	18	38	20	9	17	45	37	74	19	26	69	27	7	6	47	3	14	61	10	44	23	28	4	11	29	12	
3	13	6	15	12	27	5	41	97	7	16	98	8	9	31	38	24	22	4	37	59	20	33	23	47	21	48	
3	13	9	5	12	45	19	8	17	4	6	42	11	37	36	21	44	35	15	87	18	7	65	22	16	34	67	
75	32	13	31	78	8	99	26	12	33	9	30	77	106	24	23	47	7	14	42	17	10	25	3	15	4	5	
110	34	31	15	37	9	80	4	27	32	14	53	36	21	20	6	8	12	50	10	5	3	22	7	11	26	18	
12	11	54	14	10	77	19	45	17	13	78	20	35	3	30	71	63	29	39	15	18	21	110	64	16	22	23	
28	27	14	38	5	89	13	11	81	29	6	22	30	44	4	16	19	3	15	108	12	7	18	10	79	8	80	
19	31	18	4	15	30	17	67	38	35	5	3	52	14	10	23	12	9	20	7	22	36	11	24	8	28	108	
36	110	6	21	19	12	47	5	59	3	13	52	14	18	17	11	16	27	61	24	10	4	15	31	25	77	26	
130	42	48	50	24	18	47	8	36	49	19	22	23	14	6	33	28	5	43	60	9	20	3	34	10	4	11	
5	10	4	9	40	18	83	14	3	8	19	15	38	39	25	12	17	24	11	41	30	16	26	13	47	23	80	
15	14	135	7	58	5	117	54	21	18	6	22	34	124	57	4	30	10	136	3	27	19	35	29	9	20	25	
122	37	10	36	34	44	39	9	50	32	35	28	33	62	104	19	21	7	11	47	51	3	64	8	12	4	5	
36	21	28	8	20	40	23	6	17	29	86	7	3	4	114	57	39	14	22	9	24	30	5	15	10	16	11	
36	12	35	47	3	11	22	34	29	46	4	30	31	16	15	14	6	25	13	21	23	5	18	7	24	27	28	
56	25	22	24	113	68	39	9	4	23	61	5	6	7	14	35	49	13	34	66	38	11	8	36	96	3	17	
119	9	12	31	8	45	11	22	25	30	32	38	33	3	7	49	18	6	10	46	23	71	4	17	14	5	15	
30	5	8	4	79	11	7	58	28	3	65	23	66	16	15	10	54	19	6	21	34	24	17	55	35	18	26	
14	9	59	168	3	8	33	26	36	10	147	27	11	64	47	5	7	54	80	4	32	25	48	6	35	53	42	
31	13	18	29	4	12	33	17	45	14	28	59	15	3	8	11	23	7	19	5	34	54	16	36	6	95	69	
74	62	11	27	31	4	10	8	22	26	5	43	6	69	30	13	45	3	12	15	9	19	7	37	41	20	21	
24	32	12	70	8	47	26	11	15	3	9	16	4	52	7	20	6	36	13	71	19	10	5	21	14	35	61	
5	4	50	3	10	24	29	13	17	7	11	14	8	9	79	19	34	32	51	28	18	12	88	20	31	16	68	
46	19	31	99	3	13	30	9	74	20	4	78	21	22	58	15	17	7	52	14	10	5	49	8	11	6	125	
29	45	28	18	4	16	6	35	10	70	17	36	24	3	21	12	109	15	32	5	7	37	62	13	8	14	9	
11	10	25	20	9	5	114	43	15	103	6	19	7	8	31	4	30	41	3	21	16	38	49	29	14	39	23	
12	28	4	42	27	15	10	8	3	41	46	18	54	92	26	6	63	25	5	16	9	19	93	7	24	48	73	
72	20	33	15	28	6	8	13	36	48	26	9	27	79	78	24	5	3	21	7	23	10	31	4	17	40	76	
30	54	29	53	18	51	3	7	22	34	19	10	11	12	17	5	16	26	40	66	4	20	15	6	24	21	25	
29	37	28	4	7	23	25	20	17	53	3	18	6	41	40	22	10	13	31	24	21	9	43	11	50	12	16	
11	10	45	119	9	17	26	6	31	3	70	7	4	39	38	22	155	16	13	35	27	53	5	49	14	41	15	
5	4	41	3	16	10	18	49	22	6	53	23	24	15	14	91	58	9	146	11	19	7	25	48	12	8	21	
71	70	6	18	33	30	25	5	10	7	19	17	3	46	38	57	42	14	61	24	11	8	4	15	12	9	13	
23	45	22	4	7	27	35	81	21	24	3	39	6	41	10	9	17	32	47	8	36	25	50	16	31	19	20	
55	4	89	25	3	31	6	92	88	39	24	7	94	16	15	42	9	14	5	19	58	8	81	10	20	11	12	
29	28	3	65	55	8	5	11	33	53	9	34	54	117	17	7	23	16	4	42	6	10	18	14	31	15	32	
55	12	3	11	50	70	14	9	28	4	59	10	30	40	39	38	77	7	13	51	18	5	31	8	27	6	43	
53	52	56	88	3	38	5	9	17	101	14	10	11	12	27	7	24	46	54	4	6	15	28	8	49	16	44	
31	24	16	7	51	29	46	12	5	17	8	6	18	72	37	26	10	49	25	3	13	9	19	11	4	20	127	
25	24	10	27	20	23	3	9	17	26	83	4	5	6	129	12	60	58	11	21	33	94	8	13	31	14	15	
10	23	9	6	4	15	8	28	33	11	5	29	12	3	20	19	14	37	61	7	49	27	13	38	62	32	73	
12	11	17	32	10	44	46	4	40	51	31	41	52	8	7	6	28	57	13	45	5	3	27	15	56	39	108	
8	7	26	6	4	54	20	15	18	34	5	23	3	68	13	56	105	12	10	48	16	24	14	57	11	39	31	
10	14	9	3	61	21	32	8	46	12	4	33	5	6	18	39	20	17	15	62	31	29	7	40	16	58	160	
32	17	14	8	23	3	85	143	13	15	7	40	21	22	27	5	26	48	46	4	86	10	154	49	38	11	12	
57	52	3	83	51	19	42	13	138	53	121	24	54	47	46	16	11	9	4	20	98	25	96	10	5	33	6	
109	32	8	126	16	19	5	13	3	9	54	14	10	11	22	18	46	29	33	17	4	89	12	62	28	122	67	
66	14	34	93	5	38	16	24	47	3	6	17	4	22	12	40	20	11	15	39	25	7	19	29	26	8	9	
4	3	12	9	33	72	7	44	25	18	185	8	36	37	32	31	42	71	6	10	30	49	58	41	24	70	96	
125	5	33	24	4	30	11	37	9	6	64	23	3	75	14	13	91	18	26	16	10	7	40	19	17	8	21	
21	8	14	109	42	7	16	13	61	24	32	17	25	74	3	58	27	6	9	43	66	18	4	12	10	5	49	
11	53	10	13	18	66	9	7	4	12	19	5	42	17	16	15	21	34	54	14	8	6	36	22	106	32	3	
7	6	27	15	5	13	17	110	61	10	14	20	23	3	56	39	12	36	52	16	18	11	34	70	98	35	180	
57	19	38	98	6	15	21	44	10	32	16	11	12	3	147	65	14	27	20	7	60	33	13	28	8	25	9	
3	26	14	17	107	25	8	43	6	16	18	69	19	20	41	40	78	24	4	53	7	72	21	30	5	22	23	
20	6	19	8	5	62	83	11	18	7	9	34	48	4	3	65	23	14	43	95	12	10	51	15	13	16	17	
34	43	21	51	6	3	20	18	39	44	4	40	5	12	30	58	72	24	22	26	19	45	17	59	23	46	28	
7	6	26	35	5	41	23	12	21	28	36	34	3	4	15	10	40	50	9	64	13	43	30	11	20	49	66	
8	7	46	74	6	13	45	77	18	29	32	73	30	3	22	10	12	21	9	14	19	33	41	11	15	34	16	
76	19	67	28	10	23	86	14	37	88	11	15	12	9	8	41	7	5	20	40	94	44	13	6	21	3	4	
34	60	26	28	59	53	19	13	17	27	29	20	85	91	5	36	7	4	35	31	14	21	6	8	15	38	3	
126	7	42	58	6	14	3	41	10	57	15	4	5	31	30	19	23	13	8	18	11	22	38	24	9	25	45	
30	41	20	10	76	14	46	28	8	31	24	3	4	26	51	16	37	13	21	11	45	36	5	17	12	6	7	
3	43	173	5	128	23	31	49	18	4	24	41	47	9	8	7	36	15	44	6	19	25	10	16	20	11	12	
242	22	16	10	55	19	8	39	6	53	20	9	48	37	30	12	32	60	17	11	7	65	31	3	24	4	5	
70	84	48	96	59	62	64	8	11	85	95	12	13	6	5	61	4	17	49	60	9	38	3	18	10	15	16	
185	15	4	10	14	8	35	54	3	146	9	36	12	13	19	46	41	7	5	34	55	37	20	40	6	21	92	
37	33	3	71	29	23	35	10	61	4	24	11	5	6	18	42	8	22	34	90	41	12	7	9	74	21	53	
13	24	12	19	81	30	21	5	71	25	82	18	3	143	9	15	49	8	14	20	6	36	4	16	7	37	66	
15	4	43	45	31	3	76	61	27	21	58	62	59	49	24	6	12	10	5	46	28	22	25	7	55	8	9	
16	10	15	6	23	9	69	4	49	11	24	5	12	45	22	8	35	21	51	7	70	25	3	34	52	20	48	
36	20	35	32	64	6	11	57	43	37	31	14	40	24	23	8	29	5	21	7	12	15	28	95	47	3	4	
21	28	14	37	8	27	24	13	19	3	9	51	10	7	6	26	5	85	15	115	25	4	12	33	16	73	17	
56	55	5	54	10	39	4	52	20	6	11	49	12	112	9	25	8	17	24	34	3	7	51	18	35	16	28	
34	33	64	32	15	6	63	27	3	35	16	12	13	14	19	5	18	23	46	7	4	17	20	9	47	10	22	
6	20	5	33	10	19	4	42	45	35	11	32	12	86	9	8	14	40	7	17	3	36	13	38	44	39	70	
54	7	22	40	6	83	21	30	19	23	13	35	36	11	5	4	15	26	3	41	20	14	37	16	72	17	18	
17	16	75	41	48	15	101	63	39	19	35	40	28	4	3	33	6	14	72	32	56	20	5	7	73	13	22	
125	115	11	13	21	18	23	10	36	12	19	84	20	60	4	15	3	8	25	14	27	54	5	9	34	6	7	
20	12	19	11	6	68	43	18	63	21	7	30	8	5	4	14	3	34	13	42	37	75	17	26	65	33	66	
43	42	31	3	41	6	62	16	22	39	13	26	14	49	9	5	11	54	32	4	17	99	10	19	24	20	21	
73	59	24	58	5	8	30	18	23	35	3	19	4	14	13	7	12	40	25	6	29	17	11	27	99	21	22	
30	29	10	3	28	51	40	25	6	11	46	26	27	98	23	14	19	17	42	4	7	32	24	15	5	16	60	
4	39	3	19	11	38	6	23	28	34	18	7	8	9	16	15	37	44	5	12	14	75	36	22	26	43	27	
47	55	5	35	23	54	33	31	4	6	71	20	21	22	12	25	14	11	39	24	32	7	13	26	44	8	3	
15	9	3	11	8	42	13	20	48	10	27	35	17	7	6	5	37	24	4	12	21	28	19	38	22	29	23	
58	33	9	19	38	32	3	8	16	10	20	4	5	6	72	71	23	29	46	106	78	27	7	24	47	15	48	
35	6	34	31	5	9	33	24	43	126	13	48	3	4	20	8	168	19	7	10	25	23	50	73	18	64	75	
14	49	8	10	44	26	12	4	7	9	27	80	16	52	37	63	25	36	72	11	5	28	17	3	6	41	35	
159	3	146	45	16	40	5	12	9	49	46	6	14	15	75	18	60	39	4	17	35	7	32	19	26	8	27	
40	32	39	19	9	6	21	38	27	33	7	22	3	48	47	46	5	13	65	20	28	11	4	14	29	12	26	
93	44	84	7	10	13	27	5	77	85	8	6	9	56	38	12	70	3	45	11	26	29	57	4	15	18	19	
89	38	65	31	26	17	19	14	4	39	27	20	21	189	12	16	35	11	59	18	5	43	13	103	6	23	3	
34	20	30	8	13	6	32	64	3	40	7	37	103	51	12	5	73	11	21	9	4	15	78	72	10	16	17	
3	78	43	30	82	53	11	9	17	45	31	18	19	81	48	7	47	110	6	54	10	41	20	8	36	15	16	
44	27	18	10	24	5	20	87	17	57	9	49	12	13	23	4	79	67	3	6	21	78	15	119	29	16	75	
44	43	5	26	10	80	7	34	4	58	25	8	9	16	15	12	14	48	6	11	53	33	17	13	3	88	38	
25	13	66	18	4	37	27	16	7	14	76	8	45	22	3	20	10	36	26	5	28	9	46	32	6	35	48	
31	52	4	74	114	36	45	15	3	17	37	22	23	77	10	83	9	7	5	88	46	18	11	8	6	12	28	
98	25	15	4	12	29	14	40	18	33	5	3	6	7	10	20	9	28	16	13	19	39	8	44	17	63	103	
4	3	30	9	17	27	7	70	88	31	18	8	19	20	16	15	40	26	6	10	12	32	69	75	25	33	86	
57	12	30	68	11	25	27	37	147	34	20	47	21	18	4	3	9	7	13	26	28	61	5	8	14	6	15	
34	52	15	3	6	20	14	32	12	35	4	41	5	108	26	25	83	19	16	21	13	31	9	71	17	10	11	
47	42	34	4	28	7	101	24	15	3	29	16	22	55	27	6	11	37	35	5	25	44	23	10	14	32	51	
22	21	10	73	4	149	12	17	9	34	5	18	19	83	3	15	81	53	11	76	31	6	29	16	51	7	8	
10	36	9	28	59	35	117	8	5	11	60	6	16	56	21	20	48	31	39	29	19	7	17	32	30	23	3	
6	5	16	40	4	30	15	38	13	27	31	39	32	3	10	18	29	9	7	24	14	28	11	37	8	12	78	
54	45	70	72	13	21	33	25	31	71	22	48	23	10	9	27	3	8	46	14	26	49	24	4	15	7	137	
62	5	61	41	4	9	136	18	95	40	58	24	3	75	32	11	27	8	6	10	19	47	26	12	7	13	14	
47	17	32	3	36	8	28	14	11	18	4	12	5	23	22	34	7	21	33	9	27	13	6	41	10	20	43	
28	27	102	16	3	31	104	9	14	57	4	10	5	44	38	30	34	37	29	17	52	8	12	35	18	13	50	
29	42	7	55	41	12	3	16	6	25	13	17	14	103	40	11	45	21	8	47	4	18	15	22	5	19	20	
27	26	33	64	15	11	100	32	8	38	16	3	4	5	14	10	75	44	28	12	9	17	6	74	54	7	19	
23	16	22	32	15	12	29	27	6	24	13	63	14	48	42	8	68	11	3	36	7	64	26	9	4	10	5	
7	6	42	18	16	5	20	41	13	24	17	14	15	26	33	37	28	4	10	19	45	50	27	29	3	30	12	
6	9	5	8	35	31	48	4	25	7	32	21	33	34	38	37	12	75	58	36	43	11	40	3	44	23	24	
67	42	12	33	4	7	35	65	11	43	8	32	3	45	51	6	38	77	13	5	74	9	105	142	14	10	15	
20	23	19	3	11	31	35	18	8	21	4	9	10	14	41	74	30	40	25	6	57	17	55	67	7	38	39	
21	20	6	23	19	28	8	5	41	22	29	3	72	33	18	13	27	50	7	66	9	4	34	14	48	40	49	
89	9	18	38	8	13	20	17	96	28	14	21	15	3	34	25	30	12	10	24	49	29	16	55	11	114	95	
31	146	12	21	17	73	6	49	4	64	90	15	16	25	24	23	42	47	13	18	5	41	55	34	8	35	3	
53	8	4	31	7	72	81	29	3	5	17	30	6	21	12	36	11	27	35	59	25	10	13	28	26	23	86	
22	33	21	42	16	54	44	20	7	37	55	8	38	14	13	4	10	64	3	17	29	9	27	5	70	6	50	
159	25	14	61	33	11	13	43	30	35	38	19	20	55	7	4	6	10	15	12	3	51	8	5	27	9	28	
62	42	12	19	28	5	17	11	67	13	25	18	26	27	9	4	23	8	3	6	16	14	10	22	7	35	36	
18	6	17	10	28	5	8	13	16	54	11	9	44	24	23	20	4	76	7	48	14	3	25	21	15	74	75	
58	18	73	31	13	7	9	36	29	33	3	30	4	66	12	11	6	41	19	8	10	15	5	23	45	28	46	
33	47	32	8	19	46	49	22	6	61	20	7	24	71	18	15	3	45	35	9	14	21	25	4	10	5	11	
32	5	18	4	51	30	34	11	14	6	25	3	50	90	89	45	61	9	19	27	12	7	98	10	13	8	81	
30	10	29	32	6	9	53	39	16	31	21	40	82	3	19	8	62	24	11	7	17	22	26	13	155	14	15	
6	5	10	4	39	51	9	48	20	11	45	3	12	13	29	50	15	28	8	40	49	76	14	16	41	19	27	
71	28	55	9	127	4	57	62	22	29	8	63	11	39	126	6	3	17	56	5	23	32	12	14	20	15	16	
90	13	24	67	85	12	6	4	35	48	68	7	8	18	40	29	61	11	14	70	5	22	9	3	37	10	38	
8	7	38	21	6	3	43	19	37	24	4	20	5	83	13	10	12	17	9	62	52	25	14	11	55	15	16	
23	22	35	21	19	78	4	34	9	37	20	5	6	58	18	11	53	14	3	46	10	143	7	12	47	8	48	
45	41	34	36	59	10	15	4	33	35	27	5	6	20	19	12	18	9	42	11	23	3	7	81	24	8	31	
4	3	52	9	15	26	7	34	30	17	19	8	20	71	14	13	43	25	6	22	35	49	33	42	23	50	24	
72	41	20	16	3	70	11	9	14	24	17	15	39	29	7	113	69	6	21	4	10	18	8	45	5	26	47	
14	13	49	51	89	12	18	48	37	50	45	56	46	132	4	20	6	3	17	54	19	92	5	7	35	10	36	
9	8	17	34	67	4	16	22	14	18	59	50	51	52	37	3	20	43	10	5	15	19	38	21	11	39	12	
3	32	7	31	11	29	13	21	6	8	30	14	9	10	67	44	63	19	4	12	154	62	69	20	5	53	146	
37	50	10	12	22	47	16	9	31	11	13	17	21	6	5	52	4	129	38	15	26	18	8	3	29	34	30	
22	18	25	20	17	5	24	87	55	19	6	28	16	40	39	31	4	13	23	30	88	3	49	9	34	12	54	
103	43	19	89	24	15	37	5	8	3	16	59	45	67	11	10	47	14	20	25	6	4	12	34	7	13	27	
82	20	39	3	16	19	22	6	38	134	4	7	8	9	15	18	14	12	21	17	23	5	10	13	41	11	37	
119	76	3	22	17	43	5	8	11	31	23	6	32	16	15	45	14	105	4	18	9	7	33	38	10	25	61	
19	9	18	8	6	50	17	12	27	10	7	3	4	5	74	46	67	49	16	104	28	11	75	47	25	38	26	
19	5	41	49	4	17	47	34	10	6	26	11	3	13	32	22	16	31	21	46	35	7	15	23	36	8	9	
14	157	13	33	45	17	140	8	12	81	26	9	3	4	36	16	38	20	15	18	23	10	7	21	19	11	29	
28	18	12	30	17	3	11	9	26	13	4	33	14	15	21	20	52	7	19	23	10	5	72	8	24	6	25	
59	11	64	77	26	10	74	34	19	3	32	23	24	25	51	13	53	9	12	15	20	4	52	17	21	5	6	
18	21	17	20	7	14	16	53	10	19	31	11	23	3	6	37	5	47	60	8	36	12	4	63	9	46	56	
17	9	20	11	8	23	19	27	49	10	12	28	13	14	7	4	6	145	18	3	36	58	47	5	93	48	94	
3	41	18	40	23	15	17	38	8	4	90	9	5	55	47	36	11	14	27	16	35	10	6	12	28	7	97	
56	13	55	12	33	7	36	4	28	14	8	11	15	16	31	6	18	24	35	22	5	9	17	3	23	50	51	
69	108	57	16	27	96	14	9	6	58	17	7	18	19	26	29	60	22	121	28	10	3	20	23	11	4	5	
20	19	11	4	16	54	6	10	36	3	17	37	23	15	14	8	88	53	12	5	7	38	82	9	35	39	51	
75	6	36	5	17	12	8	3	24	14	27	4	15	16	81	38	117	11	7	18	9	28	47	22	10	23	20	
124	6	43	35	5	11	30	89	19	7	12	34	8	14	4	48	3	23	37	29	20	17	9	72	21	18	22	
48	16	77	46	28	15	6	4	19	42	29	26	27	111	10	14	38	9	17	117	5	30	11	3	8	89	68	
3	41	14	18	40	9	6	99	13	88	37	17	38	39	33	8	35	45	5	10	7	101	34	46	11	49	12	
85	59	15	28	12	9	14	3	20	60	10	21	11	36	51	5	50	8	16	13	4	32	23	6	19	7	42	
56	38	46	13	183	37	40	4	17	57	14	5	25	26	77	36	51	9	39	31	18	6	3	10	19	7	8	
28	4	27	6	18	3	9	156	26	5	19	40	17	72	68	11	13	80	8	75	10	41	69	12	23	42	24	
39	3	59	55	10	18	45	13	50	4	11	14	5	9	8	41	7	17	31	24	44	12	6	27	25	16	33	
14	69	6	8	111	17	28	25	5	7	63	39	32	33	20	16	22	36	15	9	77	3	21	37	10	4	11	
24	5	14	29	51	4	53	13	22	15	30	28	31	32	9	3	11	8	6	52	54	16	10	12	7	20	21	
17	30	11	29	25	22	27	69	6	12	23	7	24	67	132	140	3	97	60	26	54	8	68	4	55	5	102	
29	59	28	5	3	14	89	52	27	60	4	53	7	41	33	13	39	32	30	12	56	44	34	107	24	35	25	
11	10	38	7	19	5	44	58	37	12	6	52	13	14	27	64	29	4	24	35	43	102	28	57	25	3	69	
69	7	27	33	16	6	13	57	26	32	17	14	15	104	55	9	47	5	8	22	52	18	56	3	23	4	24	
58	33	10	12	22	71	56	9	30	11	13	31	35	219	21	119	15	7	61	74	18	3	36	8	19	4	5	
10	9	16	33	4	50	18	15	27	32	37	19	38	3	7	6	153	49	12	5	22	20	53	14	29	26	65	
5	4	27	90	3	86	26	30	9	28	91	10	11	57	17	33	39	16	6	42	25	29	12	21	7	13	8	
111	40	8	51	17	49	19	7	13	9	50	25	10	46	5	91	4	34	41	18	71	3	6	35	31	12	32	
29	28	50	52	33	15	49	67	6	30	34	7	8	9	23	17	14	20	89	16	113	66	13	18	3	19	4	
31	92	14	4	36	127	47	19	13	3	5	20	8	68	98	132	10	17	15	39	54	21	9	11	16	12	77	
33	27	21	36	26	5	7	20	86	28	15	8	16	25	11	4	10	78	22	3	47	9	12	19	158	77	149	
8	22	7	17	45	33	19	11	6	9	34	12	13	3	37	32	36	52	31	18	40	10	4	50	41	5	78	
36	15	27	12	76	10	26	32	18	57	11	33	75	104	30	20	4	7	16	67	19	3	31	5	17	6	23	
30	29	22	10	6	80	8	19	41	46	11	9	17	48	5	26	4	71	23	7	20	3	18	99	93	38	39	
72	40	66	16	37	14	70	116	28	67	15	29	22	8	7	42	13	6	3	17	53	47	9	12	4	10	5	
9	8	17	65	49	7	14	85	12	21	66	46	22	23	4	107	3	39	10	117	13	67	5	69	11	25	43	
4	29	3	28	19	49	24	34	8	51	89	15	16	17	70	48	58	32	6	20	23	67	64	33	7	68	13	
95	130	53	3	11	19	5	14	42	54	8	6	9	10	48	18	24	22	97	4	15	13	49	23	21	46	41	
4	3	19	10	8	15	18	24	37	6	9	38	7	53	22	21	14	28	17	55	42	13	23	35	27	36	104	
64	20	42	200	6	10	22	14	41	49	7	15	50	29	5	12	4	27	21	11	23	8	39	3	26	40	136	
40	39	43	67	6	18	42	34	21	88	7	55	8	28	5	14	10	4	41	13	22	56	9	53	20	3	93	
29	6	13	5	69	3	27	40	12	78	4	36	37	38	21	8	110	20	7	54	41	79	22	9	19	10	11	
15	38	14	122	41	11	13	3	6	16	42	80	40	74	73	8	10	36	30	12	4	17	57	9	5	58	59	
21	7	49	19	6	11	13	40	26	18	95	14	15	29	5	23	4	10	8	12	58	3	37	24	9	25	67	
19	30	18	10	3	70	120	17	33	35	4	40	5	6	15	21	14	27	20	37	100	78	13	22	32	26	87	
33	32	29	31	6	22	68	16	28	30	59	17	39	63	5	4	11	9	3	7	102	18	13	10	8	36	25	
87	22	43	24	8	21	51	49	5	23	9	6	7	47	32	16	11	20	44	25	15	10	33	12	68	13	3	
177	22	170	9	7	54	33	18	51	23	3	19	20	28	6	35	5	13	44	32	34	4	37	14	56	12	39	
3	8	65	14	7	24	17	28	12	4	20	13	5	6	44	23	86	43	16	22	47	10	27	78	41	11	42	
9	5	8	4	24	85	7	50	14	3	25	33	26	23	17	16	41	21	6	12	15	52	18	42	13	19	20	
32	31	3	19	11	38	17	15	25	4	12	18	5	105	10	37	7	63	58	36	16	74	6	8	62	23	24	
94	11	88	13	10	22	15	5	87	12	29	6	30	70	3	51	8	19	63	14	39	7	4	20	24	18	25	
78	5	54	4	9	42	37	13	28	3	70	47	60	75	8	7	32	16	6	96	14	12	25	17	15	18	19	
5	20	4	17	37	9	3	14	76	16	18	67	35	36	12	8	110	32	7	10	28	23	13	49	31	74	47	
9	13	8	50	45	12	22	7	18	14	3	49	4	5	44	11	63	72	10	57	23	40	6	77	28	17	29	
43	6	10	19	16	5	97	22	9	11	20	57	66	15	14	24	13	4	7	39	23	12	30	47	8	3	78	
58	37	46	122	36	26	28	12	4	38	89	20	21	8	7	6	17	15	47	27	5	39	11	16	14	3	24	
28	10	27	6	57	9	26	14	4	72	17	5	102	47	46	8	67	34	11	7	52	116	50	13	3	69	121	
42	31	48	17	30	88	15	47	13	32	18	3	19	29	28	87	27	82	49	58	14	4	20	111	37	5	6	
9	15	8	17	14	29	7	5	25	10	3	26	19	20	13	31	12	65	59	30	6	4	23	63	71	24	94	
55	34	63	22	33	14	20	37	5	35	15	21	58	67	32	28	50	13	64	30	6	16	3	101	7	4	11	
45	7	31	4	50	68	30	12	26	95	5	3	16	49	10	9	39	54	8	29	22	20	11	38	23	53	24	
29	24	18	7	12	5	20	27	17	25	6	61	31	44	11	22	4	10	19	8	21	26	3	36	9	53	54	
6	40	5	10	27	39	12	15	4	9	28	13	25	26	19	38	126	18	42	11	16	14	20	104	17	3	53	
49	57	14	52	10	4	6	13	37	51	11	91	54	55	9	8	3	17	15	5	7	12	66	89	16	117	35	
57	18	10	34	7	32	9	67	47	19	33	15	16	25	6	31	5	3	11	8	13	20	45	4	52	21	22	
7	70	6	30	17	28	32	12	5	15	29	99	16	62	21	27	96	10	8	18	33	3	22	11	9	4	73	
215	35	38	50	42	19	11	9	111	56	49	12	13	89	7	21	4	18	36	20	10	3	8	5	31	15	16	
67	7	29	9	6	84	49	28	65	8	35	52	36	5	4	80	3	17	56	10	50	31	72	18	11	19	12	
31	7	10	16	6	29	3	19	14	32	17	4	5	52	40	22	24	28	8	42	190	18	62	23	12	26	13	
61	20	60	89	41	19	34	32	23	88	27	49	28	40	39	4	18	8	3	68	24	43	29	5	22	6	7	
47	14	24	16	10	13	18	23	6	15	44	19	29	3	9	8	21	34	48	11	7	20	4	22	37	5	33	
4	47	3	60	11	17	7	29	37	44	12	27	45	33	10	9	56	16	6	18	8	13	34	93	19	14	15	
16	111	15	55	12	19	14	29	89	24	81	135	25	9	8	4	27	7	3	13	30	136	26	5	33	6	34	
66	27	12	17	64	3	242	11	46	13	18	16	29	59	7	76	9	6	70	4	47	14	8	10	5	20	72	
12	56	11	94	7	55	28	10	101	96	8	64	20	6	5	14	16	4	13	78	27	9	39	15	3	35	36	
3	28	32	25	39	15	17	20	10	4	24	11	5	58	38	22	42	14	29	16	21	12	6	126	30	7	8	
23	22	18	41	121	21	25	38	17	28	79	67	29	7	6	20	5	3	19	114	54	48	9	4	44	12	16	
49	48	14	32	47	9	4	28	13	51	10	5	6	18	17	16	8	39	3	22	25	11	7	27	23	12	254	
10	21	9	60	20	85	28	8	39	22	61	17	18	19	6	13	24	5	3	106	27	23	7	25	4	38	56	
3	6	15	5	28	54	20	59	14	4	34	21	27	32	31	8	97	76	7	19	47	90	68	9	48	10	11	
14	37	13	16	5	20	22	30	12	15	46	139	28	4	3	7	9	19	32	6	23	41	29	8	18	11	61	
6	5	54	4	45	17	31	53	22	7	3	23	8	9	44	68	63	16	67	70	30	52	11	35	33	12	13	
12	11	3	8	64	24	97	6	15	4	9	7	17	18	47	129	28	23	13	35	21	5	19	73	14	44	45	
122	25	4	21	24	35	9	31	3	20	22	10	11	15	14	44	13	34	5	36	8	66	12	86	6	17	84	
132	75	23	15	74	71	17	4	58	24	61	5	9	20	36	97	11	35	32	16	39	6	10	3	33	57	34	
19	3	13	15	37	8	17	44	12	14	9	53	121	34	33	5	7	40	4	16	101	10	144	6	39	11	62	
57	3	43	25	7	23	144	12	55	4	24	13	5	6	32	31	22	16	52	30	143	14	11	17	47	15	19	
53	36	9	47	6	3	8	24	45	37	4	33	5	50	12	11	30	15	10	7	25	89	13	23	18	14	19	
10	52	9	110	58	33	4	14	8	38	34	15	16	40	57	12	21	48	11	95	3	20	17	13	6	23	7	
20	52	19	10	86	59	8	6	31	34	75	9	76	77	28	65	16	4	21	11	7	35	29	5	12	30	3	
16	5	24	40	4	14	7	56	10	39	41	11	20	3	75	80	13	74	6	22	8	12	76	90	9	117	127	
3	13	10	12	29	23	15	71	9	5	24	16	6	18	28	53	27	22	14	41	36	44	7	145	34	8	21	
3	8	13	7	29	43	5	49	56	9	34	6	35	22	21	18	20	42	4	11	40	48	23	19	41	53	54	
15	7	62	6	10	13	33	19	4	8	24	5	9	78	22	12	52	30	16	11	20	51	41	18	29	3	43	
12	29	4	6	26	34	3	10	46	5	27	20	21	22	66	8	17	15	13	7	76	40	68	9	14	41	64	
12	23	5	51	78	22	10	4	8	13	135	26	27	72	54	21	62	16	6	52	9	3	28	17	7	15	30	
109	47	9	30	6	28	8	13	56	10	29	14	3	4	34	37	23	21	18	7	77	15	12	22	19	54	20	
14	13	20	59	12	38	32	41	4	21	24	5	11	53	52	16	51	37	15	27	31	6	73	17	28	3	8	
9	8	64	7	22	14	19	61	5	10	46	6	21	33	27	13	26	50	3	12	43	56	28	25	4	49	100	
9	8	20	29	7	58	22	12	19	10	46	23	24	6	5	14	4	57	21	30	13	3	17	32	85	18	34	
32	13	31	67	12	103	84	52	30	3	43	40	41	7	6	54	5	10	33	83	37	4	8	20	34	9	29	
12	4	11	18	3	89	43	7	61	5	19	8	20	21	33	45	28	32	55	36	42	6	22	29	37	30	31	
5	40	4	43	15	10	12	51	3	42	16	13	14	18	27	24	26	9	7	11	23	32	20	25	8	21	84	
14	13	78	12	10	7	30	28	39	84	8	33	9	4	3	44	6	18	15	36	29	41	5	62	16	59	17	
7	20	6	65	11	33	13	5	23	8	34	29	9	3	18	95	32	17	15	12	24	35	4	39	16	36	26	
9	27	5	23	47	26	7	17	4	28	63	14	15	37	36	25	77	35	6	24	44	57	16	78	3	39	33	
39	6	38	5	25	11	8	3	37	27	12	4	13	18	23	10	20	48	7	55	9	63	14	21	35	71	36	
71	70	22	9	25	7	3	12	15	23	8	56	24	51	32	31	49	6	30	53	4	11	60	19	5	20	41	
15	14	87	13	54	23	11	9	110	16	3	12	4	5	43	40	28	19	39	68	10	17	8	20	139	18	185	
24	82	23	71	50	15	86	5	56	25	16	6	17	18	28	3	14	9	58	72	34	7	19	4	47	8	68	
93	3	48	10	71	13	15	8	22	4	72	9	5	6	52	12	69	43	49	11	16	41	7	44	17	42	18	
32	45	14	22	44	9	109	13	20	15	10	21	11	48	3	56	8	6	74	23	18	16	4	7	19	5	40	
3	10	14	5	9	27	13	17	46	4	6	18	7	8	21	111	20	33	12	71	36	16	22	34	37	32	60	
56	15	3	10	14	22	5	69	44	9	49	64	50	35	13	12	109	33	4	11	6	71	102	31	46	32	73	
12	45	11	29	18	78	20	6	10	14	62	56	47	52	17	4	16	37	3	19	7	15	147	5	8	64	9	
26	20	16	43	6	19	30	55	12	37	42	31	45	3	60	18	33	40	17	7	13	32	79	54	8	39	9	
111	12	9	11	31	28	8	21	6	10	29	3	14	15	48	24	34	19	23	66	7	4	16	20	71	5	18	
18	17	68	16	7	28	3	14	35	20	8	15	9	10	6	5	22	82	31	66	4	21	13	33	81	34	44	
20	30	4	44	16	68	6	3	40	22	63	9	10	61	15	57	12	67	5	17	7	23	11	13	66	37	38	
46	45	24	13	7	44	23	11	16	25	81	12	18	78	6	9	5	3	34	8	22	26	19	4	15	20	31	
5	16	4	15	21	13	10	44	3	84	14	19	20	222	51	12	184	24	6	22	9	85	52	39	7	40	41	
28	68	27	55	12	33	14	9	23	29	34	10	11	6	5	4	58	32	3	13	15	30	8	92	22	31	38	
93	6	15	8	5	38	14	24	19	7	9	3	4	22	48	100	47	37	13	99	25	30	23	46	17	44	18	
3	115	56	40	19	30	42	68	8	4	31	9	18	66	24	21	23	29	116	20	14	5	67	22	15	6	7	
127	4	9	33	3	31	11	8	18	13	32	19	14	85	49	6	30	28	5	16	54	20	50	7	17	21	22	
33	32	5	7	13	31	28	4	23	6	8	11	12	80	97	30	70	38	34	61	27	3	16	39	35	17	18	
21	6	9	34	5	50	8	39	30	10	67	24	25	43	4	41	3	37	7	18	31	11	14	38	29	45	116	
20	19	4	23	52	11	6	3	15	22	12	50	51	119	78	10	27	34	5	24	7	13	91	26	42	14	46	
43	42	70	34	26	10	28	21	32	44	11	29	72	5	4	16	3	40	62	15	22	12	8	75	38	31	39	
4	18	3	6	47	22	10	32	25	5	7	16	103	75	46	28	30	21	12	9	14	72	91	29	20	86	65	
21	139	20	5	11	3	61	19	15	56	4	79	80	9	8	7	32	30	22	6	16	13	81	18	28	14	29	
99	98	172	18	7	16	32	11	21	139	8	12	9	5	4	23	15	3	100	19	22	51	10	24	20	111	120	
35	49	11	30	14	62	10	33	8	12	29	42	13	20	26	37	56	3	36	15	9	32	21	4	64	5	6	
28	16	27	7	5	10	49	26	71	17	6	54	12	4	3	9	45	82	38	8	128	44	25	40	70	80	81	
62	61	5	7	68	29	48	12	4	6	8	66	67	42	17	55	10	21	76	30	80	9	18	11	31	19	3	
20	19	29	32	10	56	15	7	25	21	11	8	3	149	41	37	5	40	36	14	26	51	4	6	27	24	68	
35	11	16	10	3	49	13	69	8	37	29	9	30	27	26	5	48	102	12	4	14	47	55	6	44	7	131	
64	48	26	47	16	7	4	45	23	72	17	46	18	14	13	6	40	12	27	3	5	21	44	81	9	22	10	
36	20	39	45	7	10	28	58	43	21	11	29	12	6	5	9	4	33	37	8	76	3	31	85	42	32	92	
39	5	25	27	30	4	24	19	71	6	28	20	7	8	14	3	36	13	49	56	23	21	11	85	69	12	70	
24	108	23	44	77	4	17	10	35	26	5	11	12	71	8	3	7	51	37	16	18	6	9	29	34	41	81	
50	57	11	3	56	33	17	15	10	12	34	18	13	101	21	5	20	28	71	4	16	19	14	6	72	7	8	
118	53	5	10	52	8	4	74	24	47	9	25	12	132	16	7	18	15	3	20	31	26	13	28	21	14	22	
5	4	22	3	40	11	24	18	21	38	12	25	13	14	46	8	10	45	7	43	19	32	17	9	20	29	63	
3	68	20	24	16	7	9	81	19	4	156	23	83	39	15	11	6	65	21	8	10	5	84	45	18	48	49	
44	5	11	25	34	4	10	8	14	6	30	24	53	76	21	49	32	3	12	26	9	7	22	124	13	78	17	
37	14	36	7	5	22	28	19	10	3	6	11	4	25	45	21	31	17	15	8	20	30	43	18	9	55	56	
16	9	15	51	30	8	11	19	14	17	57	35	36	40	5	23	4	44	10	52	12	18	6	3	13	25	83	
47	3	46	13	6	31	49	40	45	4	12	41	5	10	9	8	89	23	48	7	50	42	21	128	62	22	44	
92	3	8	17	49	15	155	7	167	4	16	23	5	84	20	10	25	14	9	18	28	24	6	11	77	12	13	
24	23	127	22	20	57	133	28	81	53	21	39	92	10	6	26	8	5	25	41	29	70	3	14	59	4	16	
5	33	4	60	14	26	3	48	29	132	15	30	31	39	13	37	17	12	6	27	49	16	19	64	11	20	21	
44	53	7	75	60	10	12	3	35	47	79	4	58	20	19	9	28	18	8	11	23	5	21	16	37	17	50	
31	13	17	3	12	61	8	6	49	14	4	9	10	11	24	19	39	23	18	47	7	5	38	20	48	21	22	
6	36	5	62	35	50	12	4	16	8	77	26	19	34	33	23	28	49	14	51	11	3	20	24	15	59	48	
38	12	9	11	22	57	28	8	25	10	58	44	40	122	6	56	20	5	27	23	115	14	7	19	3	15	4	
6	16	5	11	119	37	4	107	23	72	12	10	109	77	49	20	32	59	8	3	19	47	50	21	39	22	80	
8	42	7	18	51	13	27	25	6	30	19	17	50	85	60	12	21	59	11	14	26	3	69	22	15	4	5	
25	18	24	11	9	51	13	23	34	43	10	14	15	16	8	20	70	7	19	12	32	69	3	71	33	4	5	
51	17	13	31	16	4	29	9	12	14	5	24	6	7	64	67	3	41	53	28	10	19	8	42	11	39	40	
10	13	5	12	26	21	18	16	4	11	27	42	50	68	25	20	46	24	6	22	17	15	56	40	3	38	96	
85	7	77	53	18	6	20	33	67	31	44	21	22	13	12	25	5	3	8	19	34	32	14	4	9	27	10	
10	28	9	49	27	18	119	103	8	53	19	71	20	21	26	15	4	45	11	67	14	3	22	5	12	6	7	
56	3	8	31	24	12	33	36	7	30	25	17	18	22	21	39	20	11	4	32	42	26	19	40	5	53	6	
18	9	17	28	8	31	14	22	40	3	75	107	4	5	43	30	45	150	36	13	15	110	21	46	37	55	38	
10	59	9	64	18	32	8	69	6	52	19	67	20	16	15	24	39	14	11	23	7	38	29	25	12	26	3	
79	26	56	19	6	44	17	40	11	27	3	18	4	5	31	46	30	38	34	45	12	8	29	39	13	9	10	
20	8	4	29	33	7	3	18	15	37	12	16	31	32	63	6	79	44	5	34	25	13	52	123	23	14	135	
33	32	23	25	3	20	22	8	11	24	4	79	5	6	15	53	17	14	35	21	9	27	7	18	10	40	148	
74	28	109	38	10	16	55	5	21	42	11	37	45	9	3	7	26	24	29	17	6	12	4	19	23	20	115	
38	23	3	50	11	36	53	8	28	4	44	9	10	46	14	13	6	17	24	12	29	5	15	7	25	16	26	
104	6	33	37	5	25	8	14	54	84	3	30	4	19	18	10	12	17	7	38	9	31	22	11	16	23	274	
4	40	3	31	15	29	33	7	24	5	16	92	106	44	14	10	52	13	9	32	25	6	76	11	26	12	27	
9	8	19	21	7	58	11	39	18	20	22	12	13	14	6	54	57	5	10	73	53	34	15	38	74	16	3	
31	7	30	40	52	6	26	29	3	8	47	14	51	60	43	5	10	63	25	41	4	9	44	11	19	12	118	
27	22	44	10	8	69	43	62	5	23	9	6	7	36	35	47	34	50	42	3	78	33	54	48	4	49	96	
17	16	6	3	39	44	5	30	12	7	61	35	27	28	38	43	37	121	32	4	42	36	29	56	10	74	11	
44	19	22	4	50	11	6	26	59	45	35	3	28	29	49	10	74	14	20	5	32	53	30	15	13	16	58	
26	32	19	110	31	15	36	18	4	60	16	49	50	8	7	6	14	11	20	69	5	17	9	46	3	10	22	
6	5	22	4	10	46	21	35	19	8	15	3	9	88	97	45	108	41	23	17	20	34	39	42	18	40	25	
54	22	9	18	21	31	42	27	8	57	19	17	20	87	83	39	4	25	10	32	28	58	84	3	11	6	7	
23	19	8	18	75	16	21	7	49	9	17	55	56	84	5	4	11	89	20	3	28	10	6	12	47	53	48	
39	38	10	30	18	4	50	44	9	11	19	93	12	55	17	6	3	22	40	5	193	20	13	7	127	8	26	
24	7	14	6	41	33	18	13	4	8	34	5	58	63	11	53	10	32	25	17	30	9	12	66	31	84	3	
6	5	14	4	10	45	34	13	32	7	11	3	8	9	48	47	17	20	62	27	33	12	37	18	28	19	51	
32	25	52	15	37	11	3	51	6	26	16	14	54	36	35	10	20	47	33	12	4	19	55	40	5	82	62	
121	7	14	104	6	3	9	13	37	42	4	19	5	58	28	11	27	34	8	32	10	26	29	12	33	36	47	
24	62	23	6	68	11	8	4	14	33	48	5	41	74	67	10	20	18	26	7	9	3	42	19	13	17	28	
35	34	10	4	26	47	28	23	9	11	3	15	6	60	59	56	46	21	71	27	91	12	7	22	72	8	20	
117	63	32	60	27	6	29	57	78	33	7	79	34	22	21	37	9	5	89	11	30	8	23	15	12	16	3	
39	18	62	20	52	17	23	6	61	19	3	7	4	51	50	31	9	14	22	33	24	8	5	10	48	11	12	
37	67	33	17	3	43	8	22	6	38	18	16	19	20	12	61	40	11	34	4	7	39	13	41	5	14	25	
65	9	111	59	8	15	48	32	21	10	60	33	11	7	6	37	42	5	17	47	22	34	12	25	3	13	4	
9	8	4	13	7	16	11	3	28	5	17	12	6	23	35	15	19	41	10	14	29	18	38	42	87	27	40	
15	24	14	28	23	5	63	13	44	27	6	45	31	32	19	75	4	11	16	42	160	7	20	3	17	10	92	
68	30	4	29	60	13	3	10	24	28	61	33	84	137	59	12	17	8	5	14	11	80	74	9	6	19	7	
7	15	6	11	49	14	9	5	35	17	50	10	3	48	21	13	31	44	8	12	28	41	4	30	83	33	34	
42	49	3	51	19	24	11	27	9	4	20	17	5	6	123	122	34	23	13	36	10	21	7	39	37	8	102	
4	3	31	22	19	8	66	42	30	21	39	43	40	16	15	12	14	7	5	65	132	25	28	13	6	29	54	
27	4	26	67	37	3	6	25	19	34	38	20	35	10	9	8	14	41	5	43	7	21	13	61	30	17	18	
22	21	8	35	5	41	7	11	26	9	45	3	4	68	19	66	18	16	24	6	12	10	55	17	13	31	14	
167	34	24	48	10	33	23	21	13	47	17	14	15	19	9	30	32	5	25	11	22	3	20	6	12	4	27	
55	54	9	30	53	82	32	13	8	10	66	19	11	21	41	4	68	25	76	31	3	16	12	5	98	6	7	
16	20	15	23	52	5	28	14	26	22	6	47	7	8	41	18	40	4	17	24	27	60	10	13	3	11	33	
38	14	5	40	46	13	21	36	4	15	47	22	16	10	9	29	12	8	6	20	28	35	11	30	7	26	3	
12	65	11	39	20	24	16	4	37	18	25	5	19	68	8	32	7	23	15	21	31	6	9	3	22	35	36	
4	9	3	48	20	8	46	53	14	10	96	47	56	18	17	7	35	33	6	41	15	11	37	34	24	12	13	
11	10	20	15	9	29	62	19	3	14	16	4	5	6	37	26	28	47	31	61	25	35	18	27	32	45	46	
141	43	46	28	66	18	10	21	8	84	19	27	65	72	61	12	51	17	44	25	9	20	62	13	34	14	3	
41	26	7	25	39	23	6	4	10	27	24	11	12	38	37	22	36	15	8	74	5	28	3	16	9	14	30	
21	72	4	47	27	15	37	7	3	5	28	8	9	26	12	17	11	85	23	16	33	6	10	18	34	31	113	
51	50	15	17	47	28	4	7	39	16	18	5	9	70	24	21	23	12	41	20	3	6	10	13	38	11	60	
10	9	74	52	8	5	25	38	41	16	6	26	7	18	59	58	21	4	11	30	39	27	20	37	3	90	135	
10	9	58	44	8	49	4	25	20	59	45	5	6	7	16	146	29	15	12	3	21	24	18	36	13	19	14	
45	30	26	32	8	21	5	25	3	27	9	6	7	140	18	23	20	17	46	12	4	34	19	24	13	35	14	
31	21	10	20	67	14	4	17	9	19	15	5	6	55	66	36	38	13	11	3	28	16	7	37	12	8	116	
11	86	10	3	16	6	27	9	25	14	7	48	15	50	20	5	138	19	29	4	23	8	21	31	18	57	61	
101	47	4	106	10	36	6	32	3	67	11	23	24	15	9	8	13	30	5	20	7	12	16	31	21	29	57	
34	8	16	44	7	25	58	19	15	9	43	59	28	6	5	4	24	12	3	30	20	10	47	13	21	11	52	
4	3	45	9	32	20	22	112	15	8	33	16	30	31	50	19	90	49	13	18	43	122	97	89	14	104	48	
30	23	15	22	5	54	57	14	8	16	33	9	10	11	4	114	48	3	56	6	58	44	13	47	7	45	65	
58	19	11	7	110	68	30	5	10	12	103	6	112	95	84	3	33	87	20	8	61	26	85	4	9	23	73	
70	5	20	35	4	31	33	8	24	6	36	9	3	67	13	58	94	12	57	32	25	7	14	43	26	11	27	
11	4	39	3	7	23	38	30	44	5	8	77	6	17	28	32	53	22	40	34	31	25	18	64	41	19	20	
66	4	23	6	32	3	27	15	19	5	91	37	177	71	13	30	93	12	29	26	16	9	14	47	17	10	11	
3	8	11	56	7	23	10	17	35	45	24	31	25	53	6	5	15	28	4	65	40	49	26	14	38	27	81	
101	86	24	4	28	16	18	36	23	3	5	37	6	7	42	34	9	15	51	17	19	38	8	10	22	11	12	
8	7	39	10	6	44	58	15	30	9	11	3	4	5	27	51	24	33	41	57	31	14	23	25	32	29	90	
12	7	11	59	35	6	14	10	102	8	36	18	51	29	28	27	23	5	13	53	26	9	30	3	99	4	41	
69	40	13	71	16	64	104	77	12	14	17	25	15	37	5	4	7	20	3	33	105	18	6	8	34	9	10	
20	14	19	13	37	24	18	11	32	15	3	12	4	5	45	23	60	9	22	17	43	119	7	10	31	8	132	
64	32	12	31	9	40	11	37	22	66	41	23	98	56	8	39	4	7	13	10	38	24	20	3	17	6	169	
5	4	36	21	3	19	35	16	9	87	20	13	14	28	47	18	30	50	7	34	10	23	15	31	8	24	70	
19	18	12	6	4	17	11	30	9	13	5	35	59	3	49	21	44	16	20	7	10	14	56	43	8	15	95	
92	20	12	94	19	30	35	11	23	13	111	24	87	18	17	60	47	6	21	31	34	14	49	7	22	3	4	
38	19	3	44	18	42	36	7	64	20	43	8	21	22	17	5	25	11	4	35	14	9	24	6	15	10	72	
18	38	17	3	52	12	57	6	26	39	4	27	54	51	50	8	23	11	19	13	7	5	135	9	20	10	44	
20	46	8	45	29	3	18	12	7	47	4	37	119	191	28	10	33	52	9	30	13	5	57	11	14	6	15	
95	45	21	44	75	34	47	11	6	3	53	7	71	57	31	17	9	51	22	35	16	4	32	10	23	5	67	
20	19	87	24	18	40	86	15	115	23	55	16	17	9	8	36	7	5	3	85	35	48	10	6	4	11	29	
54	15	7	39	4	25	6	34	46	8	26	50	3	97	13	36	84	12	16	5	35	9	33	20	17	10	11	
14	17	4	9	95	62	3	12	23	8	10	40	48	49	77	34	30	28	5	42	33	11	51	29	26	22	27	
22	15	21	14	31	6	12	36	10	26	28	3	29	30	80	38	5	34	16	7	11	4	82	35	8	40	9	
48	62	11	5	29	32	3	20	8	12	60	4	37	57	18	31	27	17	22	6	9	26	19	44	7	39	16	
27	26	7	12	21	25	72	10	3	8	13	11	20	51	40	39	65	24	38	22	4	9	53	34	5	31	32	
23	22	15	6	4	27	32	9	14	16	5	39	3	65	20	84	26	19	61	49	10	8	67	70	11	18	12	
55	4	17	53	40	3	16	32	14	5	48	45	19	9	8	57	7	28	34	26	15	6	10	12	27	13	36	
16	31	15	4	11	26	36	49	14	22	3	37	63	8	7	6	56	29	17	5	50	41	64	117	13	42	19	
156	43	37	42	18	56	39	3	32	41	19	4	5	14	17	65	16	49	38	60	30	45	6	23	31	48	35	
20	16	3	10	8	15	74	97	40	4	9	53	5	6	32	12	14	27	30	11	118	59	50	13	26	51	38	
15	7	14	74	10	6	59	13	39	8	11	33	9	89	19	49	18	5	58	65	48	12	20	37	3	38	4	
33	39	9	38	15	57	26	12	8	3	82	13	4	5	21	61	20	18	34	16	27	11	6	19	17	7	42	
60	10	67	7	58	18	3	29	24	11	8	6	92	81	57	39	47	17	20	13	4	28	77	46	14	32	15	
13	12	17	34	24	11	27	60	3	52	33	30	31	156	6	5	8	22	14	102	4	59	7	9	15	107	128	
62	48	56	19	17	14	27	5	25	82	15	6	7	8	42	50	13	3	49	23	26	37	9	4	24	10	66	
16	15	44	46	106	14	36	31	7	45	74	8	75	105	90	25	27	13	17	24	32	9	76	26	18	10	3	
110	12	8	31	11	38	7	5	17	9	26	3	10	34	24	19	21	37	13	39	6	4	35	20	14	36	15	
3	76	27	29	7	67	54	48	26	4	30	49	5	6	15	64	34	10	63	8	70	33	24	11	9	12	13	
14	69	10	27	25	60	12	19	9	47	26	17	24	118	6	37	30	5	11	49	3	18	7	31	4	8	66	
6	5	9	4	54	32	8	61	17	3	118	57	11	12	52	31	51	46	7	42	18	58	15	47	19	16	24	
32	28	31	21	8	3	19	17	11	33	15	12	13	63	7	61	103	6	29	4	18	16	64	47	5	48	24	
50	13	46	12	5	22	10	31	8	29	54	11	74	206	4	17	34	3	14	6	9	30	36	18	7	19	20	
82	8	21	7	40	18	20	5	47	9	30	6	3	94	15	23	17	14	22	19	48	36	4	24	45	12	13	
18	49	17	11	21	9	32	16	4	19	10	5	20	98	29	34	141	8	26	22	33	6	72	56	23	7	3	
86	9	59	28	8	13	33	52	19	10	14	27	15	3	7	37	6	22	60	24	20	11	5	55	21	17	18	
65	6	64	13	68	5	29	25	51	7	58	26	38	34	19	4	9	18	3	14	44	8	20	16	50	17	106	
42	35	10	40	34	16	18	4	62	36	26	32	33	53	7	6	28	15	11	17	5	27	8	3	12	70	13	
87	26	9	15	25	42	8	6	13	76	130	14	24	73	48	41	4	32	10	16	7	77	49	3	11	34	12	
22	12	18	166	59	5	20	46	17	13	33	42	26	27	8	7	10	4	19	6	122	14	9	37	133	3	16	
15	14	34	13	11	64	17	29	82	24	12	18	39	10	9	27	63	3	16	26	42	36	40	4	100	5	6	
27	26	7	29	25	13	15	96	6	28	91	52	85	24	23	12	41	22	8	14	3	40	43	19	4	20	5	
9	8	18	12	7	37	43	28	17	3	32	25	4	5	66	39	114	36	42	38	108	15	27	140	96	16	97	
76	57	32	52	8	24	44	20	12	33	9	13	14	15	7	18	70	6	58	17	21	10	27	19	22	3	4	
19	3	6	74	53	13	5	29	42	20	34	37	38	39	9	8	27	12	4	14	30	21	10	28	15	11	23	
14	13	10	12	24	61	16	9	30	11	44	162	49	22	7	37	6	4	15	25	31	19	8	5	26	29	3	
46	31	19	33	7	30	18	16	26	32	14	42	65	6	5	29	51	4	20	8	17	15	66	40	9	59	3	
42	10	80	9	48	20	27	7	25	11	21	8	35	15	14	29	13	5	90	23	26	12	3	6	24	4	54	
4	3	13	6	85	26	37	12	31	5	19	32	28	71	109	8	10	25	40	7	90	33	29	9	41	24	81	
12	32	11	57	25	8	10	38	19	13	36	3	4	24	23	22	29	7	21	9	39	37	5	28	44	6	17	
4	3	42	26	21	51	89	10	13	8	22	14	30	34	20	38	32	19	88	71	11	9	31	39	12	16	17	
99	32	12	7	5	47	97	23	11	33	6	17	3	4	56	46	51	75	13	8	69	22	73	89	9	26	10	
41	54	40	27	21	12	23	82	5	42	67	19	20	99	8	7	33	11	73	13	6	32	9	16	14	10	3	
105	28	23	122	27	13	3	65	8	24	39	4	18	26	52	67	37	12	29	14	33	5	19	68	15	6	7	
53	27	72	13	9	24	11	4	89	54	20	12	21	36	8	15	17	7	28	10	5	40	3	16	6	48	49	
6	246	5	14	21	97	27	12	4	32	22	10	23	19	18	43	79	17	7	15	28	11	45	78	8	61	3	
34	40	21	11	9	76	32	3	30	22	10	18	38	110	8	25	27	7	61	12	4	19	81	16	5	29	6	
100	22	35	21	8	27	113	4	11	23	28	12	13	14	7	6	16	52	43	9	5	32	3	17	10	18	45	
192	100	7	108	11	18	6	4	22	8	12	32	9	10	25	24	79	17	54	27	5	3	14	29	48	15	16	
29	3	15	22	6	25	17	14	98	4	26	18	5	62	61	8	64	12	16	7	45	19	63	9	53	10	11	
67	26	11	25	45	37	22	3	20	12	38	54	13	8	7	28	17	6	27	46	4	41	9	18	5	19	48	
18	23	17	4	56	12	14	51	37	19	3	73	86	55	7	6	9	30	76	5	15	20	8	10	130	26	27	
13	86	12	64	100	44	20	18	11	32	45	50	3	4	40	22	39	8	14	89	19	51	6	9	15	7	25	
130	81	37	39	28	11	13	22	32	38	29	23	24	5	4	3	18	10	54	12	14	30	8	17	15	9	51	
69	90	42	104	39	7	41	29	15	46	12	87	38	27	4	20	3	10	43	8	16	13	5	21	9	14	64	
74	23	73	15	3	9	30	20	33	24	10	21	25	26	96	41	12	8	40	4	29	11	27	19	5	84	6	
30	3	13	5	23	35	50	132	12	4	24	51	8	9	17	34	16	21	49	33	97	15	10	99	66	11	54	
42	41	7	65	40	3	9	6	31	43	4	32	33	48	27	22	15	13	8	140	10	5	28	14	11	24	12	
27	10	17	9	13	43	7	5	40	11	14	8	12	61	24	42	23	3	18	58	6	15	22	4	105	39	171	
10	9	13	8	59	6	12	22	34	3	7	23	15	16	19	29	5	40	11	28	35	4	17	41	39	33	55	
87	118	13	92	39	10	12	16	53	14	3	17	58	25	7	55	9	6	88	11	43	4	8	109	35	5	48	
134	7	10	3	14	6	9	59	47	114	26	48	79	32	13	5	24	17	8	4	52	27	19	23	16	20	21	
38	52	37	4	70	23	20	11	18	39	3	12	8	9	69	22	15	32	53	26	19	76	10	16	29	17	30	
73	9	47	19	8	17	11	25	88	74	18	26	21	3	7	38	6	16	10	37	12	99	5	34	15	62	50	
22	18	6	3	64	17	5	31	76	19	29	9	46	175	54	53	16	14	7	4	25	10	47	15	61	11	12	
5	4	54	80	12	3	7	53	27	96	39	31	97	51	11	24	20	10	6	13	8	32	52	19	9	26	15	
65	15	64	3	42	14	17	229	6	24	84	114	124	60	9	8	21	13	16	4	7	25	10	20	5	11	12	
4	14	3	17	22	13	59	64	7	9	23	32	10	21	50	39	12	89	5	27	38	33	11	40	6	34	29	
25	12	9	11	48	20	8	3	6	10	76	16	17	47	84	22	19	55	27	21	4	14	18	37	5	54	109	
96	58	6	8	41	20	22	5	15	7	9	23	12	130	40	17	19	3	38	21	16	46	13	4	65	14	35	
9	8	24	4	7	93	23	15	45	3	5	16	6	39	38	110	32	37	105	22	54	14	31	33	43	34	35	
11	58	10	57	7	34	4	20	16	13	79	5	6	94	42	18	84	88	25	3	17	14	74	19	22	15	27	
26	29	3	22	11	110	5	14	17	21	12	6	91	10	9	51	8	34	4	23	15	7	37	52	16	32	33	
34	13	9	21	12	19	8	6	30	10	3	16	4	136	27	26	18	97	14	25	7	17	5	41	48	29	109	
55	54	69	8	21	6	68	24	17	65	3	18	19	20	27	10	5	30	57	9	25	4	28	38	15	29	16	
146	19	43	18	73	25	27	13	16	20	74	17	21	22	5	4	7	11	59	3	14	45	6	12	15	10	66	
25	24	31	18	10	6	27	30	50	55	7	3	8	9	22	12	5	38	26	11	61	4	79	34	45	35	36	
51	42	29	66	32	6	8	13	26	30	55	35	31	37	46	70	45	5	3	7	9	44	48	12	4	20	16	
58	24	12	56	5	23	11	9	16	3	6	36	4	61	68	18	20	67	13	28	10	37	8	19	14	38	15	
27	18	26	101	5	8	89	34	21	28	45	49	3	4	12	7	31	11	19	6	22	46	30	56	10	47	24	
33	6	3	5	19	31	21	48	53	4	101	22	96	113	9	8	11	14	7	20	60	45	10	12	29	13	80	
124	24	4	6	9	35	3	55	58	5	7	19	8	51	13	32	21	12	45	10	17	20	52	33	11	93	40	
5	4	31	39	25	3	18	10	54	6	84	11	7	8	47	20	117	46	27	224	17	36	9	21	44	114	45	
75	5	32	47	4	19	16	11	14	25	112	36	26	3	127	7	9	67	6	29	12	34	38	8	13	82	93	
18	17	10	41	16	31	12	75	6	19	73	34	88	51	15	14	3	22	11	32	7	20	27	4	8	5	37	
34	40	20	39	130	12	14	4	7	41	38	15	69	137	103	9	11	26	21	13	5	3	70	10	6	17	18	
35	24	55	3	33	20	8	17	6	30	11	9	31	32	75	19	38	74	25	4	7	16	68	39	5	52	53	
11	10	4	9	43	18	3	21	104	8	19	22	23	92	42	34	17	15	5	33	87	20	24	16	14	36	103	
100	43	6	8	20	31	22	5	17	7	32	18	19	12	11	10	3	30	44	9	23	26	13	4	29	16	38	
8	23	7	39	86	22	15	37	6	10	34	38	35	119	85	54	63	21	24	56	14	11	36	62	19	3	4	
39	28	10	27	42	6	37	16	9	11	43	26	41	72	21	18	20	5	36	7	3	12	22	15	4	13	53	
27	26	5	25	30	36	70	49	4	6	60	12	18	19	73	41	8	35	33	69	66	7	20	9	34	3	15	
37	31	11	94	15	5	10	62	8	12	16	63	13	14	20	4	19	80	3	6	9	33	18	24	7	34	79	
146	15	5	37	14	19	4	11	23	58	36	12	13	27	26	9	122	18	6	31	3	52	63	10	17	64	49	
67	4	35	103	3	19	11	38	34	5	20	12	6	7	63	26	70	18	10	15	39	37	32	53	16	33	17	
16	9	6	8	14	39	28	5	33	7	66	3	43	13	12	11	52	20	10	27	46	4	23	121	31	19	32	
50	13	49	19	12	8	97	100	34	14	20	3	15	44	11	10	5	24	30	9	101	4	45	6	23	37	32	
16	4	15	20	3	7	18	14	57	24	50	19	110	116	10	6	12	30	5	8	53	42	11	13	60	29	75	
22	29	5	34	17	28	37	4	12	6	53	13	7	15	66	39	9	49	36	18	38	58	3	10	19	11	148	
21	6	20	16	50	5	26	14	9	23	17	10	11	12	55	52	54	4	7	25	31	18	13	53	8	3	170	
60	27	64	29	6	58	82	14	10	28	30	18	19	4	3	12	55	24	92	7	11	62	21	13	8	22	9	
125	10	24	9	7	4	17	27	67	25	5	18	6	20	14	29	3	13	11	16	28	26	35	91	12	66	113	
29	8	28	18	7	48	23	11	21	9	40	12	13	14	6	25	36	5	33	19	22	10	42	26	3	57	4	
15	14	49	122	13	18	34	22	48	30	99	3	4	5	12	17	25	8	16	19	35	24	6	9	36	7	47	
16	28	4	41	48	27	3	14	34	19	86	7	20	21	47	26	9	12	5	42	44	8	22	10	33	11	115	
111	44	17	19	43	32	50	3	37	18	68	4	5	6	11	21	10	84	45	20	30	53	9	22	34	56	35	
27	20	7	19	48	23	6	11	4	8	31	18	9	47	41	22	43	64	21	24	5	32	10	44	3	33	14	
56	5	41	4	88	10	12	21	44	3	15	13	38	87	26	9	48	29	35	8	83	20	27	30	43	28	100	
10	37	9	71	23	58	73	4	32	11	24	33	12	22	21	6	182	16	51	72	5	48	3	7	29	14	15	
53	82	17	108	27	24	63	9	16	73	25	157	26	85	89	11	7	5	18	28	10	36	90	3	15	4	38	
42	16	29	37	15	6	3	49	9	36	38	13	14	65	47	5	91	23	17	7	4	53	48	19	8	20	21	
95	7	55	22	20	6	9	12	17	56	21	10	19	28	27	14	5	3	8	50	13	11	39	4	42	16	43	
116	23	18	36	7	10	25	17	33	35	11	40	12	6	5	4	56	45	19	8	3	31	16	57	44	32	49	
41	18	80	46	7	36	26	24	128	42	8	55	9	13	6	20	11	5	19	37	25	48	10	21	30	3	4	
22	4	46	18	3	49	6	28	16	23	19	7	8	40	39	38	93	13	5	10	37	24	52	14	11	15	12	
22	13	71	8	16	6	26	123	57	14	3	27	15	66	48	44	5	11	25	9	55	4	34	61	10	68	69	
60	15	92	9	18	29	158	7	12	16	19	8	17	21	53	64	28	5	87	10	67	43	23	6	11	3	4	
24	14	5	64	13	18	4	43	22	32	19	69	33	11	10	114	97	9	6	3	48	20	42	52	7	21	8	
82	14	21	23	72	10	20	18	5	15	33	79	16	105	57	7	9	28	36	11	6	140	17	3	25	4	26	
80	54	20	16	106	7	35	19	3	21	17	4	58	105	11	29	6	10	34	8	28	5	12	26	9	13	24	
36	35	31	85	45	12	30	21	6	3	46	95	117	19	18	8	110	11	32	13	7	4	20	9	23	5	24	
11	10	19	21	9	16	18	3	72	20	27	41	25	78	8	5	7	15	13	17	4	51	37	6	14	96	136	
14	8	13	24	35	7	4	19	12	15	25	111	16	17	40	6	30	28	9	3	5	26	18	29	10	27	11	
50	6	27	74	5	30	15	36	13	3	138	18	4	9	43	29	83	42	28	31	14	35	11	82	24	12	25	
78	10	15	12	5	29	14	39	23	11	20	3	4	42	8	7	28	26	16	6	24	21	56	27	25	22	116	
34	24	13	26	4	40	12	71	10	25	5	16	3	7	29	28	55	39	14	27	11	17	8	70	38	9	64	
96	22	92	31	21	34	6	4	27	43	40	7	8	9	38	33	108	51	23	32	5	75	10	3	26	67	49	
76	19	7	51	18	29	3	6	57	20	39	4	34	11	10	9	16	28	8	60	69	5	12	23	61	24	25	
44	15	3	14	12	42	17	23	59	4	13	65	106	8	7	55	6	21	16	57	18	5	9	22	19	77	20	
16	15	21	14	8	3	93	12	20	29	69	13	34	7	6	5	44	51	17	4	38	30	36	11	18	31	19	
44	70	24	138	34	12	36	47	5	45	28	84	57	9	8	7	11	32	25	13	6	29	10	3	67	4	21	
50	13	26	12	21	35	163	25	6	14	97	11	32	56	20	28	34	19	27	16	7	24	33	29	8	3	4	
6	5	17	8	56	4	19	48	16	7	26	80	38	73	46	34	3	41	18	28	49	14	39	66	44	15	187	
78	24	51	73	35	23	57	20	6	25	33	7	8	18	17	22	3	13	43	36	21	30	9	4	37	5	11	
23	14	60	21	5	13	42	19	40	15	6	20	53	4	3	26	17	9	25	35	41	7	54	10	36	8	144	
206	10	23	38	27	9	18	4	22	24	78	55	25	26	30	12	14	8	11	28	5	56	53	3	6	115	7	
40	39	4	67	8	38	3	13	32	47	9	14	10	11	7	6	94	17	5	25	79	15	12	27	71	16	29	
39	38	33	17	24	12	32	30	66	34	16	67	23	28	27	14	4	11	40	13	31	3	29	5	55	8	9	
37	36	11	35	56	7	4	14	10	12	51	114	46	24	23	6	22	20	127	3	5	13	26	21	9	27	28	
33	4	57	3	8	17	60	106	36	19	21	125	22	23	7	6	100	16	5	9	37	41	54	11	35	12	13	
17	16	39	41	15	22	11	32	5	40	30	6	52	93	14	13	77	21	18	23	3	7	129	37	4	8	20	
50	6	66	5	28	57	3	14	36	18	39	4	19	12	11	74	25	10	7	29	31	34	13	75	8	35	9	
8	7	62	32	6	16	75	35	3	9	27	4	5	29	51	25	50	12	19	90	36	10	45	13	20	11	38	
78	24	45	13	23	58	34	11	17	25	14	12	26	3	7	30	6	21	29	33	35	15	5	49	43	16	146	
59	40	9	48	16	3	8	159	24	26	29	65	27	38	15	5	36	14	10	4	19	30	79	35	11	31	12	
10	34	9	12	31	49	37	8	42	11	13	77	19	6	5	52	48	4	36	103	38	14	7	53	3	56	96	
3	7	10	18	73	6	9	68	15	17	24	22	38	39	78	5	35	33	4	19	89	25	42	34	13	26	14	
20	10	19	12	27	9	72	23	18	11	32	36	15	46	26	25	61	8	74	28	24	3	16	93	43	4	5	
28	27	86	112	16	54	65	8	85	29	17	40	18	3	6	10	5	43	36	61	9	41	4	11	67	42	68	
33	32	39	3	26	31	38	50	8	34	19	9	28	13	12	5	11	100	37	4	55	10	14	6	77	7	78	
30	18	12	35	5	51	7	41	11	19	81	8	20	4	3	14	39	63	13	6	61	9	21	40	26	10	27	
22	31	21	30	18	52	20	59	10	61	53	11	54	17	16	24	13	6	23	19	34	12	63	3	35	4	5	
7	88	6	96	21	29	90	33	5	35	30	13	20	37	99	9	15	26	8	22	57	14	32	3	23	4	24	
28	43	4	17	35	39	3	7	26	5	18	16	34	66	65	47	104	11	9	20	14	6	91	12	10	25	22	
5	4	32	21	3	38	31	50	56	20	48	51	43	13	12	8	15	11	7	22	35	49	14	9	36	10	55	
43	31	66	45	4	19	33	10	23	44	5	11	6	3	16	15	18	50	32	14	38	9	17	91	114	22	115	
25	14	29	31	13	10	28	78	61	30	11	105	12	6	5	4	9	17	3	40	62	91	8	64	16	51	52	
20	88	12	22	15	7	3	38	11	13	8	4	14	94	32	35	6	25	67	16	39	5	37	30	17	10	46	
43	5	32	4	63	104	31	8	14	6	3	20	21	22	67	10	66	25	33	96	9	7	23	11	36	12	13	
28	10	5	38	9	13	4	31	88	6	14	44	7	8	21	12	35	25	11	3	32	30	102	34	24	61	62	
6	5	17	106	36	4	43	21	16	7	37	22	8	9	33	68	3	32	29	42	47	20	14	100	30	15	31	
66	10	47	62	22	6	46	35	44	48	39	52	40	54	18	8	20	5	11	7	36	49	19	14	12	3	4	
18	3	17	5	43	8	10	16	49	4	30	41	31	52	22	7	21	14	45	6	11	20	23	15	12	24	13	
59	54	14	118	53	11	13	8	5	15	27	6	28	32	31	10	30	18	88	12	9	3	29	40	23	4	24	
11	10	36	9	14	7	38	35	83	12	8	39	13	27	17	16	22	3	37	15	43	34	18	4	59	5	60	
28	3	27	79	71	14	16	22	11	31	72	17	55	7	6	5	19	63	4	15	12	18	9	39	24	10	25	
40	47	24	17	67	52	54	63	15	3	81	16	66	12	11	30	5	10	25	18	21	4	13	6	19	7	8	
13	3	113	11	35	42	17	9	26	14	62	10	52	7	6	5	109	73	4	16	18	28	8	74	21	72	22	
22	30	5	10	29	71	7	4	18	9	11	36	28	46	45	41	81	44	6	50	19	3	116	42	34	15	16	
79	46	16	25	32	72	27	43	8	17	37	24	3	63	31	30	82	20	29	26	9	18	4	21	10	5	6	
92	32	6	10	20	31	8	117	5	57	39	9	40	19	18	30	15	13	7	11	96	3	64	14	12	4	26	
36	35	28	4	7	60	19	11	82	37	5	3	6	14	22	21	24	59	29	18	20	38	10	89	67	58	141	
51	50	106	37	10	19	62	7	3	54	11	8	9	24	23	5	34	22	88	20	4	12	25	6	15	84	145	
18	17	190	9	28	14	25	34	7	19	15	8	27	125	55	22	44	4	31	10	40	38	60	5	3	6	12	
51	20	5	58	9	15	66	4	56	92	10	57	43	25	8	7	18	14	6	27	65	3	47	29	22	12	13	
10	25	9	103	24	54	27	17	8	70	159	18	29	30	4	15	3	50	14	55	91	19	5	16	81	6	7	
92	12	15	26	11	24	8	6	35	16	25	9	10	57	30	29	18	4	13	49	7	17	31	5	67	3	64	
12	5	11	18	4	70	15	10	29	17	46	50	112	75	3	32	80	8	6	71	26	47	82	9	7	48	28	
11	7	10	102	6	25	9	22	19	14	78	20	15	16	5	24	107	4	8	26	23	21	17	42	27	18	3	
11	5	10	4	48	41	7	17	66	3	26	131	27	28	71	34	36	70	6	49	8	16	30	35	69	65	74	
102	30	54	29	36	10	56	4	13	31	37	5	6	7	46	25	9	68	55	11	21	52	8	3	12	66	67	
